2843242
2843667
2844512
2848234
2848267
2848429
2850131
2851266
2876881
2879040
2879053
2879080
3180681
3207230
3207669
3276096
3277022
3282122
3288672
3289343
3321422
3322264
3322323
3324068
3330278
3331069
3331147
3335406
3335407
3336152
3336344
3336948
3337175
3337607
3338564
3341036
3367969
4251764
4371366
4388826
4536085
4536220
4541893
4598452
4641846
4723834
4724229
4724397
4819014
4819705
5075355
5150301
5158934
5160202
5163458
5168550
5185453
5185490
5186023
5187235
5189407
5191098
5191926
5194950
5194965
5195162
5195164
5196696
5196720
5196721
5196830
5197358
5197371
5197372
5197396
5197616
5197912
5197915
5197916
5197918
5197919
5197920
5197923
5198339
5198851
5199691
5199693
8330904
8337117
8337120
8353456
8353474
8353475
8353496
8353506
8366085
8394272
8398967
8400999
8401366
8414721
8418846
8420782
8428580
8430188
8440949
8441447
8443126
8457060
8466399
8466420
8466435
8478005
8484187
8494505
8495606
8498254
8498792
8498933
8499289
8499298
8499300
8499303
8499308
8499405
8499910
8500224
8500951
8501570
8501949
8502060
8503719
8503743
8506103
8506967
8509552
8511015
8511396
8511585
8511587
8511709
8512627
8513905
8513972
8514009
8514710
8515782
8515839
8515950
8516487
8516504
8516510
8516513
8517577
8517899
8518161
8518300
8518759
8520436
8521317
8521325
8521335
8521718
8521757
8521758
8522051
8522216
8522368
8522440
8522443
8522544
8523365
8523367
8524612
8524697
8524703
8525277
8525658
8528451
8529593
8530714
8532741
8532864
8533662
8536903
8536918
8537291
8537490
8538877
8724980
8744931
8813401
8817927
8817943
8818000
8818064
8818074
8818079
8818091
8818094
8818108
8818126
8818131
8818134
8818157
8818169
8818210
8818228
8818243
8818254
8818256
8818287
8818520
8818534
8818568
8818652
8819183
8819564
8819697
8820522
8822099
8823557
8830773
8851210
8853239
8898686
8904056
8905208
8911152
8916080
8924294
8927597
8927601
8928553
8933669
8938332
8971859
8979668
8983296
9001353
9044578
9079547
9088843
9088848
9089160
9089221
9090480
9090513
9090540
9090597
9093356
9117223
9121330
9121333
9121387
9121590
9124176
9126504
9132512
9153798
9182850
9182942
9183094
9200414
9222162
9247914
9248644
9248675
9248713
9264436
9272628
9280838
9280911
9280930
9280970
9280992
9281010
9281043
9281179
9281184
9281224
9281405
9282363
9284216
9290661
9301931
9302760
9321732
9334529
9334533
9334536
9334540
9335295
9337315
9337517
9338126
9338218
9338532
9338852
9339997
9340173
9341281
9342196
9342856
9343246
9343557
9343693
9344253
9344317
9344887
9346047
9347527
9348566
9348602
9349114
9350886
9350889
9350989
9350992
9351520
9351524
9351609
9351616
9352814
9353829
9355011
9355654
9355941
9356065
9356087
9356746
9356882
9357044
9357406
9357534
9357849
9357934
9358368
9358400
9359137
9359858
9360070
9360159
9360459
9360578
9360986
9360991
9361008
9361009
9361207
9361424
9361430
9361434
9361665
9361932
9362331
9362378
9362524
9363033
9366199
9366469
9367467
9367481
9367489
9367730
9368732
9369109
9369347
9369463
9369873
9369874
9370432
9370491
9370701
9370818
9372379
9373184
9375012
9375406
9376275
9376574
9376577
9376582
9376584
9376585
9376597
9376603
9376606
9376610
9376628
9376629
9376632
9376634
9376637
9376638
9376639
9376644
9376646
9376653
9376657
9376668
9376669
9376676
9376679
9376685
9376687
9376689
9376693
9376694
9376700
9376703
9376718
9376738
9376749
9376781
9376790
9376799
9376856
9376879
9376932
9376957
9376963
9376969
9376976
9376998
9376999
9377003
9377016
9377017
9377018
9377019
9377022
9377024
9377025
9377026
9377027
9377029
9377031
9377032
9377033
9377034
9377036
9377037
9377038
9377039
9377043
9377045
9377047
9377048
9377049
9377050
9377052
9377054
9377055
9377059
9377061
9377062
9377068
9377069
9377073
9377074
9377075
9377078
9377079
9377081
9377084
9377085
9377090
9377093
9377094
9377097
9377099
9377100
9377101
9377108
9377111
9377117
9377119
9377127
9377133
9377135
9377137
9377147
9377154
9377165
9377187
9377210
9377212
9377222
9377231
9377289
9377294
9377390
9377397
9377402
9377403
9377408
9377458
9377465
9377478
9377481
9377482
9377485
9377493
9377498
9377500
9377504
9377505
9377506
9377508
9377513
9377514
9377516
9377590
9377593
9377595
9377599
9377600
9377601
9377607
9377617
9377627
9377629
9377631
9377633
9377636
9377648
9377665
9377714
9377759
9377768
9377832
9378018
9378034
9378114
9378197
9378315
9378359
9378510
9378856
9378928
9379160
9379178
9379275
9379362
9379800
9379809
9379960
9380411
9380431
9380627
9380926
9380979
9384439
9384496
9384751
9385471
9385483
9385695
9386852
9386854
9386857
9386858
9386862
9386866
9386867
9386868
9386873
9386882
9386883
9386886
9386888
9386904
9386905
9386919
9386952
9387014
9388436
9389242
9389251
9389480
9390617
9391577
9391578
9391585
9391592
9391662
9401108
9421937
9423082
9440557
9448031
9448466
9535462
9785260
9852057
9902894
9910557
9912409
9912928
9913155
9913267
9913270
9914171
9946023
9947609
9947883
9948961
9950013
9950040
9950773
9950800
9950804
9950807
9950829
9950832
9950843
9950845
9950849
9950851
9950854
9950857
9950861
9950864
9950865
9950869
9950872
9950875
9950881
9950882
9950883
9950886
9950896
9950899
9950901
9950904
9950905
9950909
9950910
9950926
9950929
9950933
9950935
9950941
9950948
9950950
9950952
9950954
9950959
9950961
9950972
9950982
9950988
9950991
9950993
9950998
9951000
9951003
9951005
9951008
9951015
9951016
9951017
9951020
9951024
9951035
9951042
9951043
9951044
9951051
9951052
9951068
9951090
9951103
9951107
9951117
9951119
9951132
9951133
9951134
9951136
9951140
9951145
9951152
9951278
9951375
9951378
9951401
9951403
9951406
9951409
9951457
9951500
9951702
9951819
9951831
9951832
9951903
9951951
9952500
9953231
9953974
9955026
9955476
9955496
9955705
9955801
9955805
9955810
9955819
9955827
9955915
9955916
9955978
9956213
9956281
9992496
9992497
9992575
9994025
9994512
9995106
9996135
9996994
9998540
9998563
9999280
9999642
10000408
10001825
10002362
10004319
10005208
10005283
10005290
10005294
10005704
10006180
10006358
10006649
10040249
10040646
10040860
10040960
10041234
10041259
10041718
10041720
10041725
10041729
10041852
10041854
10041858
10041865
10042159
10042160
10042774
10043006
10043888
10044116
10044191
10044369
10044790
10044792
10045208
10045460
10045766
10046141
10046145
10046321
10046916
10047180
10047588
10047779
10048391
10049319
10049532
10051233
10091626
10091680
10100574
10101056
10118141
10153549
10154680
10156528
10156790
10157323
10157783
10158389
10158842
10160414
10162413
10162550
10162598
10162630
10162790
10162918
10163572
10163804
10163893
10163914
10163915
10164824
10200975
10201129
10201312
10203433
10203434
10203435
10203446
10203493
10203655
10203672
10203687
10204883
10204887
10205102
10205993
10206091
10206139
10206158
10206159
10206160
10206382
10207933
10208387
10208399
10208868
10209053
10209119
10209651
10209811
10209813
10211170
10211394
10214188
10214792
10215036
10215695
10217517
10217805
10218312
10218468
10219925
10220812
10220865
10220993
10221289
10222092
10222896
10223402
10223941
10224492
10224796
10224856
10226375
10226396
10226484
10226502
10226523
10226527
10226529
10226535
10226536
10226539
10226545
10226550
10226579
10226581
10226599
10227183
10228789
10229337
10230234
10230269
10230410
10269221
10269546
10270348
10270836
10273323
10274980
10276869
10276871
10277147
10279683
10279816
10279998
10280000
10280001
10280015
10280020
10280022
10280025
10281467
10387569
10390065
10390969
10390998
10391913
10393631
10394942
10395325
10395608
10396389
10396509
10397104
10397342
10397350
10397574
10399142
10399810
10399877
10400435
10401127
10402077
10403280
10405405
10405415
10405930
10406267
10407904
10407906
10408848
10408877
10409589
10409854
10410147
10410148
10410362
10410474
10410662
10411339
10412456
10412528
10412531
10412550
10412711
10413053
10413065
10446296
10447240
10448440
10448578
10448755
10448781
10448782
10448787
10448791
10448827
10448843
10448858
10448890
10448925
10449004
10452283
10452443
10453678
10485738
10522406
10522431
10557962
10558435
10560002
10560375
10561242
10561419
10561485
10561737
10562133
10562518
10562865
10563026
10563239
10564423
10564619
10564779
10565549
10597409
10598470
10598881
10600797
10602760
10603175
10603567
10603738
10603752
10603767
10604521
10604523
10604754
10605386
10606307
10607195
10607411
10609114
10637775
10638445
10638462
10638916
10638930
10639022
10639026
10639201
10639432
10639446
10639476
10639496
10639611
10641916
10642000
10643885
10678239
10679799
10679801
10679802
10679803
10679805
10679806
10681295
10681763
10682160
10682504
10683966
10684244
10685326
10685846
10685856
10686282
10718336
10719173
10719175
10719460
10719491
10719574
10719590
10720685
10720863
10720886
10722069
10722478
10722749
10722776
10722969
10723087
10723096
10723097
10723548
10723789
10724509
10725134
10725196
10726529
10727848
10729078
10729163
10763033
10763343
10763345
10763436
10763580
10765425
10765826
10766320
10767249
10767252
10767291
10767965
10769860
10770402
10802806
10802807
10802809
10802810
10802812
10802814
10802829
10802865
10802868
10802870
10802892
10802899
10802973
10802974
10802977
10802982
10802983
10802984
10802985
10802987
10802989
10802991
10802993
10802996
10802997
10803000
10803001
10803005
10803011
10803019
10803020
10803033
10803036
10803037
10803041
10803043
10803062
10803063
10803070
10803091
10803095
10803169
10803171
10803174
10803176
10803257
10803267
10803288
10803535
10803575
10803663
10803715
10803722
10804092
10805032
10805633
10806065
10806528
10807324
10807341
10839819
10840661
10844362
10848001
10849784
10849844
10851607
10851611
10851612
10885122
10885199
10885292
10885604
10885964
10886405
10886634
10886644
10886646
10886674
10891965
10892242
10892269
10892430
10893172
10894359
10896273
10898485
10906155
10906913
10908136
10910093
10910146
10910192
10910205
10910209
10910301
10910585
10913628
10913632
10914140
10914812
10916207
10920147
10920153
10920159
10922456
10925341
10925536
10930104
10930106
10933353
10933570
10934169
10934834
10940056
10940058
10941483
10943798
10944753
10945911
10947673
10948084
10950307
10950799
10954698
10955027
10955028
10955029
10955360
10958184
10961774
10962043
10963770
10963771
10963797
10964922
10965062
10968612
10969342
10969345
10969397
10969953
10971103
10971595
10971977
10971999
10973352
10974365
10975963
10975969
10975994
10976309
10980972
10982086
10983667
10983792
10983843
10983942
10984016
10984120
10984140
10984887
10985045
10986030
10988676
10988793
10988794
10991207
10991420
10991443
10992468
10992487
10993565
10993833
10994510
10995332
10996047
10996051
10996052
10996053
10996058
10996061
10996063
10996064
10996067
10996074
10996097
10996165
10996597
10996602
10996771
10996780
10997105
10997106
10997122
10997140
10997143
10997156
10997157
10997165
10997182
10997207
10997237
10997356
10997403
10997612
10997674
10997875
10998119
10998172
10998207
10999373
10999794
10999795
10999796
10999841
11000166
11002146
11003870
11003872
11004057
11004412
11006780
11007170
11007490
11007521
11007683
11007907
11008177
11008183
11008279
11012379
11012722
11012818
11012968
11012974
11012975
11013296
11013401
11013406
11014592
11014729
11015016
11015407
11015685
11016683
11017007
11019088
11020651
11020716
11024266
11024828
11025481
11028522
11028946
11028965
11028967
11028973
11028982
11028992
11029000
11029041
11029535
11029557
11029594
11029945
11030790
11031502
11032261
11032829
11032863
11034128
11034145
11034485
11035119
11035893
11035902
11035904
11035938
11035959
11036012
11036041
11036152
11037861
11037928
11039897
11051833
11052125
11052164
11052982
11053882
11054556
11055393
11060162
11064597
11065895
11066789
11076759
11077112
11079889
11079890
11084910
11085720
11090333
11091471
11091696
11092229
11093175
11097479
11097566
11098208
11099772
11099875
11101208
11103083
11103971
11104927
11105073
11105076
11107849
11109538
11112545
11113971
11114168
11116859
11117801
11117812
11117815
11119183
11119185
11119407
11119595
11120051
11120147
11120725
11122134
11123716
11124535
11125288
11127833
11128190
11129152
11132324
11132325
11132515
11132701
11132839
11133875
11134333
11136267
11136565
11137780
11138406
11138407
11138408
11138503
11138525
11138528
11140400
11140831
11141934
11142465
11142468
11142897
11142930
11143558
11143799
11143840
11143842
11144494
11144964
11145021
11146535
11146999
11147745
11150086
11150445
11151086
11151906
11153938
11154660
11154701
11154802
11155471
11156565
11159555
11161585
11163269
11163639
11163848
11164612
11165664
11168048
11168517
11169389
11170643
11170644
11170647
11170655
11170657
11172550
11174409
11174498
11174500
11179551
11179943
11180293
11181978
11182002
11182541
11184560
11186700
11187819
11188557
11189723
11190320
11192443
11193266
11193267
11193695
11197291
11197640
11197686
11197867
11198032
11199431
11200578
11200722
11201884
11202037
11202392
11202673
11203557
11204332
11204394
11208073
11211120
11213673
11215805
11216774
11217341
11217481
11218156
11218242
11219671
11220745
11222055
11223245
11223255
11223817
11224062
11225757
11225771
11225783
11225784
11225796
11225797
11225799
11225821
11225824
11225828
11225858
11226518
11226932
11227355
11227689
11227807
11227996
11227998
11228000
11228001
11228006
11228009
11228013
11228015
11228018
11228022
11228026
11228029
11228032
11228036
11228041
11228049
11228054
11228055
11228056
11228064
11228128
11228132
11228139
11228141
11228160
11228162
11228166
11228173
11228174
11228176
11228180
11228198
11228206
11228217
11228229
11228244
11228252
11228259
11228280
11228318
11228644
11228843
11228891
11228946
11229089
11229436
11229621
11230106
11230492
11230613
11230989
11231269
11231490
11231643
11231740
11232479
11232592
11232742
11233692
11234180
11234380
11234592
11235086
11235510
11235838
11235992
11236942
11238845
11239260
11239312
11239650
11240308
11241385
11241600
11242898
11243042
11243105
11243106
11243133
11243290
11244026
11244027
11244058
11244240
11244244
11244247
11244261
11244263
11244278
11244603
11245019
11245164
11247490
11247514
11247725
11248009
11248018
11251415
11252105
11252564
11252569
11253312
11253602
11253622
11255462
11255463
11256280
11256340
11256609
11257604
11258490
11258688
11259446
11260004
11260047
11261178
11261649
11261651
11262411
11262420
11263234
11264162
11264332
11264844
11265119
11265316
11266061
11267180
11267379
11267604
11268414
11268770
11270684
11271616
11271621
11272228
11272714
11273230
11273284
11273315
11273316
11273396
11273464
11273567
11273580
11273664
11274282
11274455
11274558
11275488
11275877
11276977
11279301
11280985
11281286
11281300
11281415
11281831
11281847
11291063
11291464
11291466
11291494
11291634
11291654
11291657
11291658
11291659
11291663
11291673
11291677
11291938
11291996
11292068
11292257
11292264
11292269
11292272
11292282
11292283
11292308
11292312
11292313
11292319
11292320
11292326
11292333
11292334
11292401
11292515
11292517
11292537
11292549
11292551
11292562
11292568
11292572
11292574
11292575
11292576
11292585
11292589
11292610
11292617
11292624
11292630
11292633
11292635
11292643
11292650
11292653
11292655
11292657
11292659
11292673
11292680
11292682
11292685
11292686
11292687
11292698
11292705
11292706
11292711
11292714
11292722
11292727
11292738
11292748
11292760
11292765
11292768
11292778
11292779
11292782
11292783
11292802
11293048
11293051
11293054
11293065
11293071
11293073
11293080
11293081
11293125
11293132
11293143
11293189
11293201
11293211
11293235
11293253
11293257
11293261
11293290
11293311
11293348
11293354
11293464
11293470
11293477
11293546
11293574
11293575
11293616
11293647
11293877
11293989
11294018
11294169
11294516
11294517
11294566
11294842
11294846
11295481
11295825
11296148
11296168
11296790
11297218
11297430
11297887
11297911
11297960
11298176
11298856
11298962
11299054
11299129
11299244
11299378
11300327
11300988
11301177
11302305
11302741
11302905
11302909
11302929
11303706
11303743
11304342
11308252
11308505
11309978
11310587
11312279
11312950
11313762
11314784
11315511
11316572
11316586
11317118
11317130
11317553
11317756
11317765
11317776
11317779
11317782
11317783
11317784
11317786
11317788
11317789
11317791
11317792
11317793
11317795
11317797
11317806
11317807
11317808
11317810
11317812
11317813
11317815
11317816
11317817
11317818
11317822
11317825
11317827
11317829
11317832
11317836
11317837
11317838
11317841
11317843
11317844
11317845
11317846
11317854
11317858
11317862
11317868
11317873
11317875
11317880
11317881
11317882
11317883
11317885
11317892
11317898
11317901
11317902
11317903
11317906
11317907
11317908
11317912
11317915
11317919
11317925
11317926
11317927
11317930
11317935
11317936
11317937
11317938
11317940
11317942
11317943
11317944
11317945
11317947
11317948
11317949
11317958
11317962
11317963
11317967
11317969
11317973
11317974
11317977
11317979
11317980
11317982
11317990
11317995
11317997
11317999
11318001
11318005
11318011
11318012
11318014
11318016
11318017
11318021
11318026
11318027
11318031
11318032
11318036
11318040
11318048
11318049
11318050
11318051
11318061
11318068
11318071
11318074
11318077
11318083
11318085
11318089
11318096
11318099
11318101
11318106
11318107
11318109
11318111
11318115
11318117
11318119
11318120
11318121
11318127
11318128
11318131
11318133
11318134
11318135
11318138
11318139
11318140
11318141
11318144
11318146
11318149
11318150
11318152
11318163
11318164
11318165
11318166
11318167
11318170
11318171
11318172
11318173
11318175
11318178
11318179
11318184
11318189
11318191
11318193
11318205
11318215
11318221
11318230
11318244
11318247
11318251
11318256
11318257
11318259
11318261
11318262
11318279
11318280
11318282
11318285
11318286
11318287
11318288
11318290
11318291
11318292
11318293
11318294
11318295
11318296
11318300
11318301
11318303
11318304
11318306
11318307
11318309
11318312
11318313
11318314
11318315
11318317
11318319
11318321
11318322
11318323
11318324
11318327
11318330
11318331
11318332
11318336
11318337
11318341
11318342
11318343
11318344
11318345
11318346
11318352
11318353
11318354
11318355
11318357
11318359
11318367
11318368
11318369
11318370
11318381
11318389
11318390
11318391
11318397
11318412
11318439
11318458
11318459
11318462
11318465
11318468
11318471
11318473
11318475
11318481
11318484
11318488
11318490
11318492
11318493
11318494
11318498
11318499
11318501
11318503
11318505
11318513
11318514
11318518
11318519
11318521
11318522
11318523
11318524
11318525
11318529
11318530
11318531
11318533
11318535
11318536
11318537
11318539
11318540
11318543
11318544
11318545
11318549
11318554
11318556
11318561
11318564
11318565
11318566
11318571
11318573
11318576
11318578
11318580
11318585
11318586
11318587
11318589
11318590
11318595
11318596
11318600
11318601
11318602
11318603
11318604
11318606
11318618
11318620
11318625
11318628
11318630
11318632
11318633
11318634
11318635
11318637
11318642
11318647
11318650
11318655
11318663
11318665
11318666
11318667
11318669
11318671
11318672
11318674
11318676
11318681
11318682
11318685
11318686
11318691
11318701
11318703
11318705
11318709
11318710
11318717
11318728
11318730
11318736
11318737
11318738
11318743
11318754
11318757
11318762
11318769
11318772
11318778
11318783
11318786
11318787
11318788
11318800
11318812
11318825
11318827
11318829
11318831
11318832
11318835
11318841
11318853
11318868
11318869
11318886
11318891
11318892
11318895
11318898
11318910
11318911
11318915
11318918
11318919
11318927
11318934
11318942
11318945
11318954
11318957
11318959
11318961
11318962
11318964
11318965
11318966
11318968
11318969
11318971
11318975
11318978
11318980
11318981
11318985
11318986
11318995
11319005
11319006
11319011
11319015
11319025
11319045
11319062
11319076
11319082
11319090
11319097
11319098
11319099
11319109
11319113
11319114
11319115
11319119
11319120
11319121
11319122
11319123
11319125
11319127
11319128
11319130
11319131
11319133
11319137
11319139
11319140
11319159
11319161
11319171
11319172
11319173
11319174
11319178
11319206
11319210
11319216
11319229
11319230
11319235
11319240
11319244
11319251
11319255
11319258
11319274
11319279
11319287
11319291
11319295
11319306
11319333
11319350
11319361
11319363
11319367
11319372
11319374
11319382
11319389
11319415
11319441
11319447
11319459
11319466
11319516
11319673
11319701
11319720
11319733
11319737
11319749
11319750
11319755
11319759
11319760
11319776
11319783
11319788
11319815
11319826
11319828
11319839
11319858
11319867
11319877
11319906
11319917
11319922
11320040
11320045
11320059
11320078
11320085
11320093
11320120
11320143
11320193
11320198
11320199
11320213
11320224
11320244
11320246
11320251
11320375
11320407
11320454
11320465
11320534
11320615
11320630
11320636
11320734
11320852
11320886
11320887
11320900
11320913
11321083
11321084
11321085
11321087
11321094
11321104
11321122
11321211
11321218
11321229
11321301
11321759
11321844
11322186
11322423
11322531
11323256
11323893
11323921
11323950
11324495
11325429
11325497
11325498
11325626
11325662
11325682
11325738
11326143
11326549
11326691
11328308
11328712
11328722
11328725
11328726
11328728
11328736
11328743
11328754
11328799
11328880
11328881
11330174
11330629
11332344
11332637
11334682
11335065
11335110
11337051
11337517
11337565
11337568
11337569
11337574
11337603
11337609
11337714
11337843
11338464
11339532
11339931
11339934
11343420
11343421
11343437
11343444
11343456
11343485
11343668
11344089
11344136
11344506
11344738
11345170
11345196
11345203
11345242
11345262
11345269
11345275
11345293
11345559
11345824
11347521
11347720
11347732
11349111
11350233
11350235
11350629
11350736
11351928
11352043
11352084
11352467
11353233
11354345
11354458
11354521
11354894
11355088
11355182
11357875
11357884
11357973
11360241
11361175
11361723
11361890
11362092
11362096
11363329
11363402
11363404
11363417
11363419
11363429
11363433
11363434
11363435
11363456
11364225
11364949
11365147
11365480
11366363
11366482
11367972
11368353
11368403
11368892
11369092
11369236
11370571
11370573
11370590
11371236
11371437
11371555
11371826
11371828
11371881
11371884
11371938
11371980
11371981
11372005
11372417
11372656
11374164
11374337
11374338
11375121
11375139
11375314
11375370
11375374
11375386
11375577
11375642
11375652
11375654
11375655
11375662
11375672
11375695
11375735
11375739
11375765
11377063
11377636
11377669
11377673
11379483
11379671
11379882
11381695
11382039
11382614
11383959
11386893
11388449
11389389
11389393
11389999
11390508
11390716
11390769
11390780
11390781
11390791
11391730
11392339
11393021
11393663
11394362
11395777
11395927
11397724
11398668
11399886
11400090
11401093
11401150
11401820
11404174
11404504
11406162
11406444
11406511
11408040
11408451
11408905
11409260
11409271
11409370
11414297
11414314
11414922
11415174
11415241
11415558
11415711
11416065
11416234
11416690
11417369
11417387
11417388
11418428
11418517
11418628
11419916
11419942
11420008
11420126
11423262
11423299
11423305
11423312
11423320
11423325
11423327
11423329
11423336
11423337
11423338
11423339
11423340
11423342
11423350
11423352
11423353
11423361
11423362
11423363
11423365
11423368
11423371
11423383
11423388
11423391
11423393
11423395
11423397
11423399
11423400
11423403
11423409
11423410
11423416
11423417
11423426
11423427
11423435
11423437
11423439
11423440
11423441
11423448
11423454
11423457
11423462
11423464
11423465
11423466
11423472
11423473
11423476
11423479
11423480
11423481
11423482
11423484
11423485
11423491
11423492
11423497
11423499
11423501
11423502
11423506
11423509
11423511
11423512
11423517
11423520
11423524
11423525
11423526
11423528
11423529
11423531
11423534
11423535
11423537
11423543
11423546
11423548
11423557
11423559
11423563
11423567
11423574
11423580
11423584
11423588
11423596
11423597
11423598
11423600
11423611
11423612
11423614
11423627
11423628
11423629
11423632
11423634
11423635
11423640
11423654
11423661
11423665
11423668
11423678
11423681
11423688
11423690
11423698
11423700
11423702
11423705
11423724
11423728
11423732
11423740
11423744
11423749
11423750
11423755
11423757
11423762
11423763
11423779
11423781
11423791
11423816
11423841
11423842
11423865
11423896
11423905
11423910
11423916
11423917
11423939
11423944
11423947
11423948
11423949
11423956
11423977
11423980
11423985
11423987
11424003
11424017
11424020
11424022
11424023
11424026
11424037
11424039
11424040
11424048
11424053
11424054
11424057
11424059
11424067
11424084
11424090
11424094
11424097
11424100
11424105
11424116
11424128
11424131
11424134
11424136
11424137
11424143
11424144
11424149
11424154
11424155
11424157
11424172
11424180
11424187
11424188
11424194
11424196
11424199
11424200
11424207
11424209
11424210
11424211
11424218
11424219
11424220
11424222
11424224
11424227
11424228
11424233
11424234
11424236
11424237
11424238
11424250
11424254
11424258
11424260
11424261
11424262
11424265
11424269
11424272
11424274
11424280
11424288
11424291
11424292
11424294
11424299
11424311
11424312
11424314
11424315
11424317
11424319
11424320
11424324
11424325
11424333
11424338
11424341
11424342
11424344
11424346
11424348
11424350
11424352
11424358
11424360
11424372
11424374
11424384
11424400
11424401
11424402
11424407
11424408
11424418
11424419
11424421
11424437
11424438
11424439
11424440
11424446
11424447
11424452
11424453
11424470
11424471
11424490
11424494
11424510
11424524
11424534
11424536
11424537
11424563
11424567
11424568
11424581
11424583
11424585
11424586
11424589
11424592
11424598
11424609
11424613
11424640
11424643
11424660
11424667
11424680
11424687
11424720
11424750
11424751
11424770
11424776
11424779
11424793
11424808
11424860
11424864
11424881
11424888
11424903
11424913
11424932
11424944
11424950
11424954
11424955
11424963
11424967
11424976
11424989
11425006
11425007
11425022
11425040
11425041
11425076
11425132
11425137
11425147
11425149
11425152
11425154
11425157
11425159
11425161
11425166
11425187
11425196
11425197
11425207
11425208
11425211
11425212
11425217
11425219
11425220
11425222
11425223
11425228
11425280
11425335
11425346
11425348
11425363
11425367
11425380
11425416
11425428
11425501
11425609
11425690
11425759
11425791
11425804
11425874
11425959
11426082
11426084
11426204
11426205
11426317
11426387
11426492
11426739
11426740
11426743
11426744
11426748
11426750
11426760
11426896
11426911
11426920
11426959
11427120
11427191
11427202
11427204
11427207
11427209
11427215
11427217
11427218
11427228
11427229
11427231
11427232
11427238
11427243
11427245
11427246
11427250
11427251
11427263
11427265
11427266
11427269
11427270
11427272
11427276
11427283
11427288
11427303
11427305
11427309
11427312
11427316
11427317
11427318
11427347
11427348
11427354
11427367
11427368
11427389
11427392
11427395
11427408
11427421
11427438
11427444
11427445
11427446
11427448
11427449
11427450
11427453
11427456
11427459
11427466
11427482
11427486
11427522
11427593
11427602
11427642
11427686
11427845
11427895
11427951
11427953
11428011
11428020
11428024
11428184
11428238
11428261
11428263
11428361
11428608
11428877
11429271
11430076
11430554
11431007
11431071
11432068
11432303
11432305
11432456
11433267
11433588
11434434
11434494
11434733
11434954
11436073
11436932
11437257
11440322
11441115
11442630
11442859
11442928
11443569
11443929
11443997
11444763
11444879
11445935
11447907
11448143
11448147
11449997
11451132
11453031
11453291
11453309
11453436
11454749
11454844
11456044
11456578
11456714
11456716
11457927
11457936
11457940
11457941
11457944
11457948
11457949
11457954
11458012
11458015
11458018
11458024
11458028
11458043
11458049
11458106
11458194
11458196
11458200
11458264
11458330
11458596
11461515
11461817
11462444
11462701
11462702
11462704
11462739
11462760
11462804
11462822
11462831
11462839
11462853
11462854
11462858
11462862
11462891
11463003
11463094
11463750
11465974
11466187
11466699
11467236
11468392
11473226
11474349
11476072
11477139
11477317
11477890
11479077
11479236
11480850
11480861
11482863
11483781
11486562
11487908
11488289
11489198
11490292
11490316
11490372
11490492
11490647
11490648
11490651
11490867
11492564
11492863
11494579
11495990
11496367
11497189
11497348
11499275
11499651
11499682
11501157
11502179
11503666
11503838
11503906
11503912
11503963
11504149
11504152
11504902
11505252
11505654
11509289
11509976
11509984
11510521
11511168
11511301
11512041
11512337
11513192
11514255
11514264
11514856
11514875
11514941
11514984
11515960
11515969
11517318
11517448
11518402
11519538
11519851
11520794
11521826
11522535
11523444
11523841
11523971
11525385
11527590
11528613
11530147
11530340
11530584
11531570
11533444
11536973
11539222
11539481
11539574
11539607
11539882
11540919
11540988
11541031
11541479
11541538
11541870
11542945
11544036
11544081
11544096
11544171
11544193
11544581
11545160
11545216
11545595
11545686
11545766
11545797
11545873
11547882
11548738
11550869
11550942
11551598
11551623
11551625
11551634
11551737
11551756
11551886
11552012
11552079
11552085
11552195
11552239
11553690
11553720
11553902
11555043
11556415
11558502
11558613
11559581
11562740
11563485
11564112
11564480
11564591
11564966
11565115
11565313
11567050
11567226
11568089
11568238
11568352
11568353
11568581
11568654
11569649
11571948
11573046
11573314
11573962
11573969
11574119
11575520
11575522
11575594
11576447
11576452
11576610
11576661
11576714
11576801
11576803
11576808
11576812
11576831
11576848
11576881
11576971
11577065
11577216
11577604
11577804
11578182
11578449
11578725
11578788
11578849
11578957
11578959
11578972
11578998
11579025
11579180
11579359
11579492
11579493
11579637
11579780
11579835
11579940
11579993
11580060
11580143
11580360
11580975
11581843
11582238
11582277
11582299
11583002
11583094
11583254
11583402
11583427
11584949
11587339
11587854
11587897
11587899
11587901
11588005
11588058
11588145
11589245
11590030
11591089
11593969
11594749
11594900
11594992
11595049
11595114
11595119
11595204
11596854
11596907
11597416
11597587
11597915
11600065
11600068
11600386
11600388
11600390
11600394
11600416
11601754
11601860
11601874
11603281
11604067
11604361
11604624
11604633
11604649
11604669
11604777
11605041
11605793
11605794
11605797
11605814
11605857
11605859
11605861
11606623
11607509
11607571
11607928
11609817
11610826
11612288
11612587
11614533
11616081
11621055
11621149
11621778
11622617
11623504
11623510
11624654
11624844
11624961
11625386
11625387
11625390
11625500
11625658
11625687
11626082
11626156
11626179
11627226
11628060
11630838
11630839
11631555
11632583
11632595
11632601
11632693
11633371
11637427
11637726
11637763
11638337
11638352
11638530
11638541
11638881
11639000
11641337
11641403
11641935
11644739
11645082
11650051
11651870
11652957
11653041
11653962
11654679
11656364
11656381
11656615
11656826
11657587
11658550
11659036
11659664
11660016
11660052
11660190
11660209
11661679
11661849
11664952
11665191
11665781
11666165
11666355
11666537
11668669
11668734
11670002
11671696
11671699
11671705
11671771
11671994
11673320
11673636
11674191
11674301
11676203
11676217
11676219
11676736
11677349
11679189
11680087
11680284
11680565
11680947
11682020
11682450
11682458
11682644
11684193
11684255
11687213
11687482
11687654
11688452
11688459
11688724
11689229
11689428
11690208
11690211
11690334
11690362
11690385
11690387
11690391
11690392
11690393
11690397
11690398
11690404
11690409
11690411
11690416
11690418
11690427
11690461
11690521
11690655
11690892
11690928
11691420
11691542
11691543
11692224
11692889
11693330
11693748
11694042
11694316
11694557
11695629
11695768
11698439
11699756
11699759
11700332
11701198
11701392
11701732
11701741
11701828
11702808
11702842
11703047
11703048
11704319
11707293
11708528
11708831
11710395
11714418
11714994
11716751
11719139
11719149
11720361
11724065
11727769
11728254
11728710
11729094
11729321
11730642
11731048
11731362
11731955
11732036
11735897
11735898
11739797
11740066
11740404
11748517
11748987
11750559
11750919
11751981
11752005
11752008
11752062
11753920
11753921
11754027
11754421
11754544
11755607
11757743
11757844
11758876
11760367
11760368
11760484
11760995
11761771
11762226
11762668
11764490
11764492
11764753
11764755
11767158
11769005
11770143
11770173
11771295
11771724
11772044
11773590
11776441
11776677
11777517
11777521
11777533
11777560
11777561
11781236
11785948
11786132
