AZ.BZN..HHZ,"[ 0.96804147  0.96824861  0.96043234  0.94870012  0.92289162  0.92598796
  0.93737783  0.95736559  0.97135256  0.99351144  1.0248312   1.0437611
  1.04235725  1.02362874  0.99367764  0.96391798  0.9185833   0.85419385
  0.8004803   0.77550718  0.7510786   0.71337017  0.67151333  0.6380626
  0.61005884  0.57519641  0.54103146  0.52500402  0.51058718  0.5012764
  0.50061897  0.48524836  0.45321789  0.41812522  0.39601694  0.391809
  0.39388159  0.39390327  0.37086791  0.33261553  0.29033149  0.24909511
  0.2052833   0.15680851  0.10059704  0.03002481 -0.04312307 -0.10250403
 -0.14844469 -0.17793752 -0.19531974 -0.20433087 -0.21296388 -0.21651657
 -0.21684065 -0.21709485 -0.22207742 -0.23125904 -0.24303628 -0.25275716
 -0.26189391 -0.28450099 -0.31990528 -0.35018216 -0.37020145 -0.38728827
 -0.38824438 -0.37221499 -0.34513073 -0.31606576 -0.28609024 -0.26092039
 -0.24394374 -0.23889015 -0.24871283 -0.2665427  -0.28870505 -0.31343255
 -0.32889215 -0.34835519 -0.37736963 -0.4150452  -0.45492885 -0.49386342
 -0.53226078 -0.56908643 -0.59723167 -0.60254663 -0.58570677 -0.56917636
 -0.55816357 -0.54633906 -0.53824245 -0.52685043 -0.51736957 -0.5120663
 -0.50616068 -0.49331082 -0.48550725 -0.48337405 -0.49025687 -0.49690396
 -0.49609564 -0.50552281 -0.52019884 -0.54139348 -0.5667167  -0.5872167
 -0.60281409 -0.62280358 -0.64057796 -0.65696433 -0.66008041 -0.65179173
 -0.64956675 -0.65238253 -0.64779498 -0.64122258 -0.63718563 -0.63363475
 -0.63289524 -0.63470828 -0.63195357 -0.63173533 -0.6277182  -0.62332974
 -0.62333566 -0.61379587 -0.61750839 -0.63537723 -0.65196212 -0.65374501
 -0.65789985 -0.66694242 -0.68849137 -0.72910871 -0.77420702 -0.80868999
 -0.82512716 -0.86125046 -0.95762806 -1.04140718 -1.12201911 -1.20285502
 -1.25651147 -1.26848483 -1.25049153 -1.22561982 -1.20675011 -1.20134902
 -1.19639301]"
AZ.CPE..HHZ,"[ 1.26280648  1.26529857  1.25566296  1.24177464  1.27437531  1.2862169
  1.28738996  1.32867591  1.32677896  1.4077889   1.47875678  1.48228394
  1.48284931  1.50779117  1.51382833  1.5240837   1.52578563  1.54639469
  1.55125452  1.53250577  1.52454071  1.5119891   1.45930981  1.40341943
  1.34989914  1.30545012  1.29357864  1.27900621  1.23357224  1.19338025
  1.14260553  1.08679868  1.00902864  0.92719207  0.86743303  0.82778611
  0.79394743  0.79624221  0.80551463  0.81349569  0.8265592   0.82062797
  0.78804691  0.75481745  0.72891413  0.69010619  0.6564653   0.63409965
  0.61021765  0.58617015  0.58060957  0.59478976  0.61550397  0.62012626
  0.60672836  0.58016153  0.54692398  0.52686764  0.51691961  0.50831926
  0.51430521  0.52259993  0.52181387  0.53042251  0.54173501  0.54723062
  0.53914658  0.52690804  0.52740206  0.5245436   0.51769992  0.51401907
  0.508476    0.49632047  0.47588134  0.44143     0.40695573  0.37659981
  0.35251152  0.34415886  0.3392633   0.32693683  0.2955189   0.26386476
  0.25600081  0.25922495  0.25860661  0.25524106  0.27095984  0.28792549
  0.3047336   0.32387664  0.33915898  0.35264346  0.35675938  0.35144447
  0.34809668  0.33932627  0.32031156  0.30381791  0.28131623  0.26640985
  0.25977064  0.23594702  0.19591984  0.15299484  0.11000907  0.07952426
  0.05122044  0.01835762 -0.01101889 -0.03912799 -0.05949329 -0.08214741
 -0.11683195 -0.15845698 -0.1885856  -0.20443604 -0.21416254 -0.22638029
 -0.2513307  -0.26054905 -0.26584665 -0.27765418 -0.29478555 -0.31618532
 -0.33686973 -0.35864178 -0.39399268 -0.42235099 -0.4444794  -0.46259407
 -0.49054206 -0.52613007 -0.56867659 -0.61909668 -0.68723632 -0.74997503
 -0.8433944  -0.92243903 -1.02226911 -1.12420095 -1.21276138 -1.24286396
 -1.25502746 -1.26991715 -1.28589762 -1.26332583 -1.20989999 -1.18752359
 -1.16061441]"
AZ.CRY..HHZ,"[ 0.66597607  0.66676923  0.58917384  0.54478932  0.50326894  0.47408999
  0.42022255  0.39869684  0.41246343  0.35519717  0.33012536  0.3405696
  0.35584781  0.36346199  0.38013707  0.38756199  0.39426645  0.41453714
  0.4467406   0.48346712  0.53503906  0.58398623  0.61854444  0.64425224
  0.66184263  0.67720475  0.69606541  0.72023935  0.73756816  0.75942169
  0.78432019  0.80689288  0.82322424  0.82721292  0.82366093  0.81908383
  0.81594088  0.81505726  0.81024842  0.81045136  0.80557195  0.78905569
  0.75890248  0.73047772  0.70233643  0.66974738  0.63923687  0.60131922
  0.55406909  0.49924625  0.44578852  0.3932815   0.34011278  0.29078551
  0.25961284  0.23612833  0.22400829  0.2300011   0.24774437  0.27193494
  0.29792125  0.3153051   0.32124215  0.31976303  0.30319681  0.27290547
  0.23890092  0.20749973  0.17878937  0.16749731  0.17353642  0.18872764
  0.19796249  0.20705786  0.21817231  0.22017696  0.2162078   0.2105169
  0.20505192  0.19442939  0.1801308   0.16493571  0.15037726  0.14529509
  0.15225197  0.15730853  0.15710112  0.15915293  0.16475539  0.16533472
  0.16233694  0.16115978  0.14947875  0.12619225  0.09478535  0.05978143
  0.02448934 -0.01473974 -0.05600434 -0.09942175 -0.14651882 -0.19966263
 -0.24796242 -0.29391807 -0.34828433 -0.40515898 -0.45362535 -0.49183938
 -0.5238024  -0.56212375 -0.60013618 -0.63156292 -0.64702974 -0.65166794
 -0.66222356 -0.68038098 -0.69277204 -0.69345082 -0.68536865 -0.67537417
 -0.67000372 -0.65393366 -0.63894962 -0.63141603 -0.62091781 -0.60630031
 -0.59638378 -0.59143016 -0.59200832 -0.59486228 -0.61215288 -0.62897325
 -0.64441342 -0.65920927 -0.68415171 -0.70429373 -0.74228119 -0.78080932
 -0.82844467 -0.88319656 -0.96313764 -1.04966564 -1.11380635 -1.15211995
 -1.16108829 -1.15444768 -1.14830628 -1.16959883 -1.16617142 -1.17728735
 -1.21231946]"
AZ.FRD..HHZ,"[ 0.64792917  0.64770984  0.56207989  0.52436695  0.47497484  0.45385885
  0.3994719   0.33193235  0.33786603  0.2382894   0.1509086   0.11850019
  0.099988    0.06054433  0.01957727 -0.03406035 -0.05916155 -0.09984986
 -0.13082347 -0.1701731  -0.19449124 -0.22192365 -0.23907606 -0.25273847
 -0.26375874 -0.27246603 -0.27407545 -0.27765967 -0.28102687 -0.28673332
 -0.28195996 -0.27923716 -0.27036775 -0.26729855 -0.2674297  -0.27780275
 -0.28501973 -0.29829131 -0.31480974 -0.34062469 -0.36969294 -0.40461723
 -0.4441486  -0.47262025 -0.4844491  -0.49380802 -0.49953806 -0.51008659
 -0.5168532  -0.52099011 -0.52743691 -0.53833065 -0.54842053 -0.55866329
 -0.56950137 -0.57863253 -0.58574177 -0.59292632 -0.60890885 -0.63152039
 -0.65831364 -0.69428397 -0.73259461 -0.76743066 -0.79908282 -0.82965739
 -0.85066945 -0.86659404 -0.87712632 -0.88205537 -0.87708041 -0.86069183
 -0.8445632  -0.82657406 -0.80180335 -0.77288421 -0.74239768 -0.71451165
 -0.68284914 -0.65590933 -0.63741798 -0.62494009 -0.61969098 -0.61746873
 -0.6158419  -0.61989492 -0.62216673 -0.61828456 -0.61353631 -0.617696
 -0.62489722 -0.62669755 -0.630089   -0.63695439 -0.64144685 -0.63857859
 -0.62999914 -0.61708658 -0.60450605 -0.59091014 -0.58012318 -0.57065357
 -0.56263554 -0.56331385 -0.56801974 -0.58033191 -0.58983789 -0.59772025
 -0.60563587 -0.61989311 -0.63111154 -0.64095543 -0.64798453 -0.64665227
 -0.64481029 -0.64760193 -0.64611512 -0.63909505 -0.62642846 -0.61170893
 -0.60001856 -0.58432631 -0.57086918 -0.56440171 -0.55951281 -0.55151997
 -0.5454812  -0.54021368 -0.54528426 -0.55636779 -0.56894561 -0.57814381
 -0.59176924 -0.60999438 -0.63473298 -0.66512652 -0.70340126 -0.73836026
 -0.77070544 -0.7994787  -0.86887461 -0.93598909 -0.99806427 -1.06117901
 -1.09469749 -1.10358112 -1.11656802 -1.12844885 -1.12443945 -1.12627756
 -1.13226168]"
AZ.HWB..HHZ,"[ 3.29337850e-01  3.30597173e-01  2.32219575e-01  1.98454541e-01
  1.61229786e-01  1.09782787e-01  6.26223448e-02  3.16205404e-03
 -2.07984266e-02 -7.00215454e-02 -7.41812255e-02 -9.05703306e-02
 -3.68956379e-02  3.42948609e-02  8.73558906e-02  1.40870206e-01
  1.86970412e-01  1.95350031e-01  1.77358517e-01  1.57129267e-01
  1.34961082e-01  1.31428275e-01  1.06711010e-01  1.01425380e-01
  1.10866695e-01  1.22367865e-01  1.32669251e-01  1.45785351e-01
  1.32025923e-01  8.87638948e-02  2.52165961e-02 -4.63943039e-02
 -9.50787423e-02 -1.25174078e-01 -1.42524107e-01 -1.65378785e-01
 -1.81789072e-01 -1.91118729e-01 -2.33375798e-01 -2.92039386e-01
 -3.29993882e-01 -3.53882855e-01 -4.11778937e-01 -4.60688692e-01
 -4.62725246e-01 -4.52341205e-01 -4.33673995e-01 -4.13113350e-01
 -4.03291271e-01 -3.75503168e-01 -3.29398937e-01 -2.64451314e-01
 -2.22437048e-01 -1.93369640e-01 -1.74463158e-01 -1.71285935e-01
 -1.79832363e-01 -1.81835695e-01 -1.70710448e-01 -1.45873960e-01
 -1.06176343e-01 -6.58594263e-02 -3.61368249e-02  7.43846537e-04
  3.12833891e-02  3.46089773e-02  5.93650757e-02  9.47944606e-02
  1.27566889e-01  1.84107566e-01  2.38495535e-01  2.87158549e-01
  3.26480501e-01  3.55237973e-01  3.78148252e-01  3.99927249e-01
  4.03345048e-01  4.13777852e-01  4.32094258e-01  4.53241961e-01
  4.79185063e-01  4.80688538e-01  4.77043936e-01  4.97236471e-01
  5.15266137e-01  5.27894684e-01  5.36627423e-01  5.50424153e-01
  5.66808945e-01  5.87120492e-01  6.05502836e-01  6.19548628e-01
  6.20154058e-01  5.97956976e-01  5.78671731e-01  5.65715322e-01
  5.50395992e-01  5.37464793e-01  5.20795777e-01  4.86667602e-01
  4.30467824e-01  3.71996822e-01  3.37970426e-01  3.15844705e-01
  2.94613579e-01  2.91250246e-01  2.92986627e-01  3.03396057e-01
  3.05192973e-01  3.08032430e-01  3.13182071e-01  2.99357481e-01
  3.00845831e-01  2.87730467e-01  2.45974419e-01  2.22644543e-01
  2.14022906e-01  2.00409115e-01  1.70830628e-01  1.54576454e-01
  1.28257502e-01  1.04976031e-01  6.85062965e-02  4.73906945e-02
  3.92719011e-02  1.97463655e-02  8.49740728e-03 -6.77160676e-03
 -2.63351106e-02 -5.13801002e-02 -7.96353128e-02 -1.06883252e-01
 -1.46171979e-01 -1.78035180e-01 -2.44351484e-01 -2.88176456e-01
 -3.64783348e-01 -4.26751911e-01 -4.28573809e-01 -4.78301757e-01
 -5.60634588e-01 -6.72596605e-01 -8.12233289e-01 -8.86302713e-01
 -8.49574477e-01 -8.93789863e-01 -1.10069469e+00 -1.25634707e+00
 -1.37382259e+00 -1.33698696e+00 -1.31961139e+00]"
AZ.KNW..HHZ,"[ 0.51111634  0.51249231  0.44032309  0.38743754  0.32895245  0.29989313
  0.25212276  0.22345054  0.24239274  0.14587418  0.09354338  0.12444216
  0.15768676  0.14164131  0.13173235  0.11772645  0.14822626  0.18658239
  0.22972125  0.251981    0.28066817  0.27327685  0.23871256  0.20525363
  0.2001351   0.21578875  0.243163    0.28983149  0.35127543  0.4163403
  0.47794596  0.53014561  0.58240127  0.63743561  0.69116827  0.73462137
  0.78137185  0.83479414  0.87838474  0.91087943  0.93434447  0.94847202
  0.95272142  0.95630833  0.96785407  0.97298747  0.96967592  0.95672945
  0.93290501  0.89631962  0.84902282  0.80534327  0.75696493  0.70029063
  0.6492413   0.5993234   0.54467777  0.48924552  0.42207164  0.34369085
  0.25009264  0.13949217  0.00974031 -0.11304572 -0.20105173 -0.24907785
 -0.2715105  -0.28476008 -0.28479219 -0.2742008  -0.26528946 -0.2533399
 -0.24024593 -0.2220088  -0.20106287 -0.18789663 -0.17275075 -0.15194282
 -0.12982797 -0.10401773 -0.07246741 -0.0375361  -0.00384321  0.03224585
  0.07093668  0.10654252  0.13606395  0.16426056  0.19564491  0.22225893
  0.24721725  0.27223258  0.28754577  0.29524329  0.3029751   0.3076513
  0.31573314  0.32303641  0.3230245   0.32206173  0.32003765  0.31696073
  0.31562302  0.30914155  0.29293915  0.26005532  0.22178916  0.19731182
  0.18098281  0.15547344  0.12908074  0.11199766  0.10507019  0.09998271
  0.08909297  0.06548292  0.04591515  0.03778096  0.03848125  0.04297325
  0.04537986  0.05096957  0.05547566  0.04907036  0.03568466  0.01943068
 -0.00393519 -0.02257229 -0.05850113 -0.10177936 -0.14166294 -0.17324599
 -0.21418466 -0.2581922  -0.30280001 -0.3430298  -0.39765963 -0.4558545
 -0.5061441  -0.56311822 -0.6627644  -0.74449012 -0.79944063 -0.83170394
 -0.87125848 -0.9003617  -0.95527493 -1.02048118 -1.05955128 -1.09236049
 -1.12398958]"
AZ.LVA2..HHZ,"[ 7.90782173e-01  7.89209527e-01  7.26799138e-01  6.92726728e-01
  6.48164908e-01  6.23721816e-01  5.94835396e-01  5.76693205e-01
  5.87230721e-01  5.38558449e-01  5.13834659e-01  5.23619291e-01
  5.31134555e-01  5.08068205e-01  4.83456354e-01  4.55308463e-01
  4.22522281e-01  3.93601833e-01  3.64857612e-01  3.37030268e-01
  3.26918990e-01  3.05323620e-01  2.94168510e-01  2.99457653e-01
  3.03615688e-01  2.93003625e-01  2.63145535e-01  2.33037927e-01
  2.19186466e-01  2.12671536e-01  2.18845604e-01  2.29110363e-01
  2.39048763e-01  2.40371672e-01  2.33151824e-01  2.14357686e-01
  1.89913415e-01  1.41903134e-01  7.63731833e-02  1.58406281e-02
 -3.79225467e-02 -9.19258713e-02 -1.47368573e-01 -1.95314519e-01
 -2.31711561e-01 -2.75730464e-01 -3.18280859e-01 -3.45281303e-01
 -3.27445860e-01 -2.75219193e-01 -2.08460257e-01 -1.42727000e-01
 -8.83833323e-02 -4.52750134e-02 -1.13101272e-03  4.46753644e-02
  9.82217982e-02  1.55470003e-01  2.09827404e-01  2.57779481e-01
  3.01406585e-01  3.31444295e-01  3.59153069e-01  3.88046743e-01
  4.12239591e-01  4.22306222e-01  4.22982830e-01  4.18263780e-01
  4.06837272e-01  3.93291993e-01  3.79196493e-01  3.56227637e-01
  3.23997302e-01  2.82140352e-01  2.33885201e-01  1.93252648e-01
  1.54891285e-01  1.09626272e-01  7.45830675e-02  4.49756981e-02
  1.78291164e-02 -9.22572198e-03 -3.89154881e-02 -7.19231546e-02
 -1.06473185e-01 -1.40290236e-01 -1.69911794e-01 -1.93069314e-01
 -2.14993160e-01 -2.50001255e-01 -2.99452038e-01 -3.49093439e-01
 -4.01865093e-01 -4.59584570e-01 -5.21784629e-01 -5.82413290e-01
 -6.42786620e-01 -6.96911924e-01 -7.52342646e-01 -8.00677224e-01
 -8.45102273e-01 -8.73643155e-01 -8.78055631e-01 -8.61836590e-01
 -8.31142901e-01 -7.94139566e-01 -7.51299361e-01 -7.08557985e-01
 -6.69548806e-01 -6.41695928e-01 -6.13892399e-01 -5.89783726e-01
 -5.72883493e-01 -5.58320262e-01 -5.49651448e-01 -5.52550615e-01
 -5.61578916e-01 -5.80094362e-01 -6.06982597e-01 -6.34680020e-01
 -6.68851598e-01 -7.05521331e-01 -7.51380110e-01 -8.06519928e-01
 -8.65291598e-01 -9.26924316e-01 -9.94797402e-01 -1.06624742e+00
 -1.14493152e+00 -1.22770169e+00 -1.31088904e+00 -1.38416955e+00
 -1.45795604e+00 -1.53159146e+00 -1.61229932e+00 -1.69066488e+00
 -1.76129676e+00 -1.80464766e+00 -1.82266341e+00 -1.81227657e+00
 -1.80613649e+00 -1.76575142e+00 -1.70048754e+00 -1.62180151e+00
 -1.50345180e+00 -1.37793388e+00 -1.27129329e+00 -1.20289362e+00
 -1.15450809e+00 -1.13673584e+00 -1.14646415e+00]"
AZ.MONP2..HHZ,"[ 0.70189971  0.69520672  0.60462992  0.54498563  0.46541515  0.4201047
  0.35029655  0.25491892  0.24858038  0.11256849 -0.046353   -0.1230261
 -0.19850828 -0.30752266 -0.37541586 -0.45348278 -0.48997367 -0.53882353
 -0.57567028 -0.5943676  -0.57179922 -0.5645299  -0.5365113  -0.50764613
 -0.47513965 -0.43824754 -0.40280946 -0.3876788  -0.38127725 -0.37415777
 -0.36014449 -0.33954452 -0.31726764 -0.30655525 -0.29895467 -0.29409052
 -0.29118208 -0.29790929 -0.30061857 -0.28859108 -0.2772645  -0.2648435
 -0.24696519 -0.22717124 -0.19961455 -0.18118327 -0.17898991 -0.18521817
 -0.19018542 -0.1911762  -0.19599759 -0.21017725 -0.22871535 -0.2474179
 -0.27276207 -0.29990472 -0.31492889 -0.32736004 -0.33624412 -0.33607158
 -0.3329672  -0.33133431 -0.32605331 -0.31803616 -0.3113378  -0.31227161
 -0.31198736 -0.30809767 -0.30464535 -0.30609633 -0.30851792 -0.31373162
 -0.3258812  -0.34577758 -0.36524015 -0.39209238 -0.43000959 -0.48191559
 -0.52992221 -0.58138162 -0.6357895  -0.68783859 -0.75165568 -0.83319493
 -0.91777997 -0.99568008 -1.05638612 -1.1031963  -1.13667849 -1.16672738
 -1.19989899 -1.21149077 -1.21447835 -1.20499898 -1.18797711 -1.1760262
 -1.16787392 -1.16211954 -1.16355497 -1.16330461 -1.15474412 -1.14649325
 -1.14581616 -1.16003866 -1.18021623 -1.20096408 -1.22205838 -1.25216114
 -1.28811697 -1.33461985 -1.37841746 -1.42407207 -1.46132215 -1.49112432
 -1.51649478 -1.54392029 -1.55963449 -1.57766743 -1.61856852 -1.65692573
 -1.67482978 -1.68173173 -1.69092482 -1.69578738 -1.69829841 -1.70678896
 -1.70874966 -1.69940072 -1.70922416 -1.7347659  -1.76531642 -1.77300158
 -1.78588346 -1.81112189 -1.8393854  -1.86658387 -1.89414899 -1.90583022
 -1.89570606 -1.88824117 -1.89578929 -1.88293201 -1.85664421 -1.82120624
 -1.72253876 -1.5995889  -1.46453288 -1.33916951 -1.24552278 -1.17893445
 -1.15056486]"
AZ.PFO..HHZ,"[ 0.59427023  0.59391062  0.54541829  0.50255949  0.46272001  0.45042323
  0.4048964   0.35651277  0.34312935  0.24937211  0.19406401  0.16192473
  0.15272579  0.13468894  0.11455894  0.14167263  0.13031009  0.08416746
  0.09019972  0.08731437  0.08369455  0.07907551  0.08665932  0.09954715
  0.11466916  0.13448073  0.17016946  0.20428485  0.21780462  0.22853978
  0.2315145   0.23988324  0.27359187  0.32109432  0.36302107  0.3967123
  0.42438034  0.4476655   0.47540813  0.518348    0.57993377  0.65235859
  0.73006857  0.80200249  0.85974626  0.9085133   0.95079585  0.98091856
  0.9944016   1.01121922  1.03571655  1.06555164  1.09274284  1.11401505
  1.12524112  1.12687995  1.11118533  1.07708837  1.03933428  1.01301374
  0.99331583  0.97140255  0.95265039  0.94227031  0.91988921  0.87349935
  0.81993581  0.77879671  0.75517569  0.74334295  0.73184926  0.71748674
  0.69344994  0.66323704  0.62613058  0.56929729  0.49661525  0.42026407
  0.35046684  0.29110611  0.25065931  0.233078    0.23336193  0.24914107
  0.27244123  0.29122843  0.30909786  0.32498849  0.33015345  0.33052214
  0.33942094  0.36280492  0.39215729  0.42933855  0.47504248  0.51800217
  0.55538724  0.59319506  0.62750669  0.66666543  0.70414829  0.74448283
  0.78138199  0.8057938   0.82266765  0.83206128  0.84032567  0.84456701
  0.84278974  0.83921395  0.84583046  0.85467187  0.85799397  0.8616833
  0.85716307  0.8430052   0.82961745  0.81732182  0.80527404  0.79071766
  0.77840459  0.76916064  0.75304143  0.72932369  0.70180631  0.67515976
  0.65290364  0.63343209  0.60509184  0.57376374  0.53400208  0.50313429
  0.48364383  0.46476451  0.44217772  0.4127907   0.37498157  0.34359779
  0.311419    0.26863572  0.19071278  0.11483215  0.00251986 -0.16362355
 -0.32355035 -0.46987071 -0.61767778 -0.76778413 -0.89646316 -1.00474375
 -1.10239823]"
AZ.RDM..HHZ,"[ 0.53367806  0.53517558  0.41990766  0.34585822  0.26612395  0.20993528
  0.13414247  0.10838383  0.10719196  0.03621716  0.03047379  0.06472376
  0.072538    0.03833209  0.02709939  0.06149293  0.10981905  0.15257245
  0.19670407  0.23099508  0.25287704  0.25709165  0.24341007  0.23625999
  0.23243417  0.21893439  0.21631633  0.2365785   0.24675804  0.24364646
  0.22471104  0.19749272  0.18533046  0.18702298  0.2178767   0.28386933
  0.3500692   0.40085185  0.46173599  0.53593566  0.59125808  0.62688901
  0.66150683  0.69862317  0.73417181  0.76371754  0.78756122  0.79216806
  0.78318003  0.7619796   0.73285687  0.70975516  0.662076    0.58900759
  0.49601685  0.39805576  0.30553601  0.2237636   0.14256251  0.07511747
  0.01509811 -0.02982703 -0.0592865  -0.07955515 -0.0900406  -0.09668603
 -0.11068768 -0.12845068 -0.13967395 -0.16190366 -0.20016499 -0.23296379
 -0.2480786  -0.26196631 -0.26568198 -0.26581694 -0.26921567 -0.27256226
 -0.27204462 -0.28996615 -0.31193319 -0.32844926 -0.35070656 -0.36868389
 -0.3822097  -0.40134504 -0.42881087 -0.46399864 -0.48808652 -0.50960054
 -0.52052004 -0.52592091 -0.52797512 -0.52338841 -0.49920072 -0.45919254
 -0.4204817  -0.39353956 -0.36275764 -0.33032512 -0.29090664 -0.26635052
 -0.25518989 -0.22737183 -0.2117699  -0.1520655  -0.09367192 -0.07704039
 -0.06820687 -0.06961578 -0.07327633 -0.06605419 -0.0780238  -0.07569409
 -0.07690681 -0.10649122 -0.12544012 -0.14894073 -0.24989564 -0.34047768
 -0.37810174 -0.4030922  -0.39253152 -0.38679431 -0.38705694 -0.41553675
 -0.44888746 -0.46486853 -0.46682592 -0.46646877 -0.47294586 -0.48839268
 -0.5020211  -0.49788777 -0.51947085 -0.52643912 -0.56178694 -0.60506637
 -0.62164849 -0.67863037 -0.80363933 -0.94281586 -1.0138862  -1.13496092
 -1.214041   -1.25156319 -1.25579313 -1.30125418 -1.30241165 -1.29390905
 -1.24852619]"
AZ.SMER..HHZ,"[ 0.74981619  0.7526892   0.66834925  0.61401532  0.55760342  0.53477297
  0.51684007  0.49240724  0.46255311  0.39940879  0.3660026   0.38486133
  0.41912733  0.43860399  0.51470553  0.53992038  0.5339076   0.54205279
  0.54174777  0.53454944  0.54747443  0.52773873  0.47438752  0.4402544
  0.41512487  0.39914877  0.37406629  0.34026337  0.30207495  0.26222402
  0.22397422  0.19161755  0.16069947  0.13224381  0.10745605  0.09018181
  0.08272293  0.1014279   0.13611103  0.18342705  0.22446278  0.24442313
  0.25682013  0.26858534  0.2690833   0.2573974   0.25132252  0.24770604
  0.25654643  0.26320331  0.27979103  0.30162219  0.31220591  0.30409961
  0.28262893  0.24703163  0.21359324  0.18078247  0.16472024  0.17066594
  0.19492397  0.21512364  0.23272949  0.25667     0.27070643  0.27984949
  0.28862798  0.29270126  0.30609494  0.32673912  0.34697864  0.36648596
  0.39264684  0.41724334  0.44027913  0.46497831  0.49294594  0.50646813
  0.51291795  0.52870833  0.55319242  0.58336879  0.61052738  0.62769494
  0.66393833  0.71119453  0.74995291  0.78587958  0.83133235  0.87856465
  0.91908404  0.95346955  0.97804756  1.0015481   1.01799588  1.03079974
  1.04108777  1.05252939  1.05542216  1.05796292  1.05408585  1.04031724
  1.01905836  0.98732209  0.9445099   0.89335078  0.85114888  0.81606417
  0.786494    0.75818739  0.72266462  0.69600553  0.67473674  0.6616761
  0.64805621  0.63040354  0.61919247  0.60768901  0.60423913  0.59977459
  0.59795577  0.59523087  0.57542124  0.5621493   0.56318775  0.57109375
  0.5588389   0.53675831  0.50432837  0.47820196  0.45684837  0.43134982
  0.40133337  0.35807324  0.31274143  0.2913486   0.26219113  0.2097664
  0.16941917  0.11260599  0.04636409 -0.04896365 -0.11967995 -0.2381282
 -0.41886381 -0.55149624 -0.73466318 -0.90109732 -1.03251556 -1.12168918
 -1.1577205 ]"
AZ.SND..HHZ,"[ 0.78432521  0.78452562  0.71708113  0.69519885  0.68217811  0.69919035
  0.69897307  0.70979293  0.72475591  0.71543905  0.71739604  0.73208959
  0.73484154  0.72705723  0.72040816  0.70600201  0.69226451  0.69135567
  0.67640081  0.64878307  0.62722076  0.60144328  0.57202609  0.55082364
  0.54617005  0.53487173  0.51251699  0.49885568  0.4972648   0.50008175
  0.50520406  0.50520485  0.49462459  0.48437758  0.47499818  0.45791159
  0.43870688  0.42165141  0.39857454  0.36871123  0.33134097  0.28854495
  0.224823    0.15244776  0.07671878  0.00361588 -0.05751854 -0.11621533
 -0.15968176 -0.18412949 -0.20035783 -0.2115668  -0.22483244 -0.24153109
 -0.2613321  -0.28427024 -0.30832737 -0.33632952 -0.36744727 -0.39213734
 -0.41169928 -0.43525128 -0.45964367 -0.47344548 -0.48797569 -0.50845535
 -0.52544819 -0.54342062 -0.56759781 -0.59365164 -0.62017007 -0.64896577
 -0.68690668 -0.73200525 -0.77264152 -0.81178489 -0.84641846 -0.88048538
 -0.90804602 -0.93472188 -0.95570968 -0.96663919 -0.97665179 -0.98700773
 -0.99557033 -1.0070287  -1.01660914 -1.01942795 -1.01673849 -1.01386638
 -1.00485109 -0.99226808 -0.98642037 -0.9896675  -1.00520674 -1.0101527
 -1.00795858 -1.0019062  -0.99426718 -0.98336669 -0.97211406 -0.95673974
 -0.94104528 -0.92957139 -0.913965   -0.91088066 -0.91201828 -0.91469178
 -0.91741184 -0.9257551  -0.9342113  -0.93927321 -0.93861567 -0.93453477
 -0.93605708 -0.94946449 -0.96948045 -0.99093713 -1.0036643  -1.00483445
 -1.00685828 -1.00568686 -1.00502744 -1.00850101 -1.00907194 -1.00084694
 -0.99602166 -0.99236749 -0.99870011 -1.0127174  -1.03549393 -1.05226149
 -1.05989749 -1.06648021 -1.08953112 -1.11717971 -1.1518069  -1.17814145
 -1.19513856 -1.20391977 -1.23798445 -1.27315407 -1.29983684 -1.3098911
 -1.29166139 -1.25393759 -1.22035109 -1.18881843 -1.17627725 -1.16409703
 -1.17786132]"
AZ.TRO..HHZ,"[ 0.58939107  0.58827012  0.52408743  0.56036484  0.62840675  0.68945422
  0.70137214  0.67780081  0.65808013  0.59147146  0.56423619  0.59358385
  0.63297918  0.65049133  0.67241252  0.70111684  0.73184884  0.74070466
  0.74845268  0.73993377  0.72993755  0.72356745  0.73363719  0.75338053
  0.76253923  0.7442024   0.70487356  0.66674947  0.64528332  0.62863201
  0.59010077  0.53620737  0.49482498  0.46297804  0.43240123  0.39882166
  0.34783537  0.27736962  0.21532305  0.18000591  0.1901459   0.22861002
  0.25479767  0.26529894  0.26790315  0.26409532  0.25986565  0.25120939
  0.23937389  0.22114306  0.20504968  0.18989225  0.17720887  0.16098935
  0.14530338  0.13145101  0.11734579  0.10205494  0.0760723   0.04262133
  0.01174799 -0.02066331 -0.04800664 -0.07527007 -0.12125979 -0.16129451
 -0.18098525 -0.20843193 -0.24951931 -0.29341847 -0.3384582  -0.38437667
 -0.42652376 -0.45772408 -0.48148388 -0.49153949 -0.48820722 -0.47178418
 -0.45017861 -0.41944011 -0.38401044 -0.34903473 -0.31393779 -0.2787527
 -0.24129373 -0.20947893 -0.18057357 -0.15352584 -0.1297509  -0.11515284
 -0.1082944  -0.10089412 -0.09680282 -0.09565243 -0.09459227 -0.09090854
 -0.08499009 -0.07486005 -0.07228479 -0.06735514 -0.06581273 -0.07018227
 -0.0727194  -0.08492688 -0.09831583 -0.11820919 -0.14329947 -0.15734335
 -0.16737547 -0.17907298 -0.18317943 -0.19569066 -0.21361374 -0.21662517
 -0.21687516 -0.22245047 -0.21630041 -0.21244923 -0.21522051 -0.22246171
 -0.23452478 -0.23845318 -0.23722586 -0.23592626 -0.23286882 -0.23014339
 -0.22863713 -0.22975303 -0.2438166  -0.26271334 -0.27583018 -0.27475232
 -0.27344748 -0.26669142 -0.26644045 -0.27183904 -0.28426567 -0.27172094
 -0.23788945 -0.19893373 -0.18207616 -0.18319977 -0.22081171 -0.42823721
 -0.67924238 -0.88723332 -1.03196733 -1.11742514 -1.18884709 -1.20277503
 -1.22392702]"
AZ.WMC..HHZ,"[ 9.76172003e-01  9.76355733e-01  9.52323248e-01  9.86938192e-01
  1.00549888e+00  1.01462355e+00  1.01168751e+00  1.02835693e+00
  1.03493300e+00  1.01775448e+00  1.01407840e+00  1.01436988e+00
  1.00306711e+00  9.77194226e-01  9.62580686e-01  9.54141590e-01
  9.42320414e-01  9.21961561e-01  8.84168106e-01  8.34138121e-01
  8.06135673e-01  7.76978308e-01  7.35564277e-01  7.11281278e-01
  6.99548422e-01  7.01620835e-01  7.16386363e-01  7.38011736e-01
  7.51268381e-01  7.55486566e-01  7.52743900e-01  7.51726712e-01
  7.39952554e-01  7.09420563e-01  6.70694180e-01  6.51513315e-01
  6.51183184e-01  6.60514868e-01  6.55350470e-01  6.31073432e-01
  5.79323068e-01  5.21600882e-01  4.82457744e-01  4.61369326e-01
  4.44788277e-01  4.15104749e-01  3.78906020e-01  3.46874658e-01
  3.15847612e-01  2.94516144e-01  2.87436046e-01  2.83465262e-01
  2.73867810e-01  2.65857629e-01  2.66505915e-01  2.70365797e-01
  2.63812296e-01  2.49768337e-01  2.14518791e-01  1.73286750e-01
  1.37164391e-01  9.54164868e-02  6.64032757e-02  6.12412635e-02
  5.61007826e-02  4.88965278e-02  5.45435330e-02  5.13296975e-02
  4.56816347e-02  5.07858771e-02  6.91722608e-02  8.33427146e-02
  9.77253477e-02  1.14003568e-01  1.11378420e-01  9.88164339e-02
  7.75879980e-02  6.78528256e-02  5.60812243e-02  3.21036969e-02
  1.63973375e-02  9.62262210e-04 -2.59226553e-02 -4.97305524e-02
 -7.59987384e-02 -1.05081128e-01 -1.32721877e-01 -1.52854943e-01
 -1.65601521e-01 -1.72741519e-01 -1.80414918e-01 -1.95990646e-01
 -2.09077387e-01 -2.16101749e-01 -2.27648379e-01 -2.47077782e-01
 -2.60844904e-01 -2.74185659e-01 -2.88593221e-01 -2.94159947e-01
 -2.90920740e-01 -2.73430292e-01 -2.56744330e-01 -2.57639373e-01
 -2.59842607e-01 -2.79914663e-01 -2.98613741e-01 -3.02305022e-01
 -3.02950039e-01 -2.92286028e-01 -2.98614076e-01 -3.09095010e-01
 -3.08213721e-01 -3.09235315e-01 -3.06131651e-01 -3.08118577e-01
 -3.09024140e-01 -3.08524941e-01 -3.03407208e-01 -3.07552462e-01
 -3.10090819e-01 -3.19524735e-01 -3.22828754e-01 -3.25917976e-01
 -3.30465244e-01 -3.29713485e-01 -3.40913704e-01 -3.48787497e-01
 -3.56558349e-01 -3.81446598e-01 -4.18085381e-01 -4.56800181e-01
 -4.65200537e-01 -4.89639560e-01 -5.22870750e-01 -5.57315626e-01
 -5.95510164e-01 -6.52437742e-01 -7.16394851e-01 -7.81415434e-01
 -8.64333353e-01 -9.39336670e-01 -1.00413919e+00 -1.08658534e+00
 -1.11466888e+00 -1.14638291e+00 -1.18623804e+00 -1.22692581e+00
 -1.25352992e+00 -1.25355666e+00 -1.30312329e+00]"
BC.CBX..HHZ,"[ 0.67942064  0.68124934  0.61095445  0.56329314  0.54729048  0.55859452
  0.54535116  0.55069849  0.52668045  0.50041028  0.48480163  0.47090286
  0.43884111  0.39813173  0.37369241  0.35693356  0.33427988  0.32143321
  0.295523    0.25366048  0.21519408  0.16994617  0.11663251  0.08277031
  0.05417028  0.03144184  0.02181144  0.00834246 -0.02148676 -0.0447116
 -0.06000291 -0.07052551 -0.1003969  -0.16323918 -0.26604137 -0.39152621
 -0.55275186 -0.67023988 -0.74615198 -0.79177799 -0.80049602 -0.80304103
 -0.81160942 -0.85002428 -0.87741978 -0.89061682 -0.874107   -0.85745124
 -0.84571511 -0.8465695  -0.84348815 -0.88866434 -0.95664574 -0.97736772
 -0.96364967 -0.96695437 -0.97969104 -1.01248135 -1.04223863 -1.07703232
 -1.07287635 -1.0341789  -1.00873197 -0.99557763 -1.069214   -1.16842702
 -1.15758309 -1.15200542 -1.13607908 -1.12882285 -1.14421454 -1.18880967
 -1.26992107 -1.32821946 -1.36540348 -1.39923343 -1.4410125  -1.45924026
 -1.46063344 -1.45083789 -1.41478774 -1.38830905 -1.38360163 -1.37724967
 -1.35636336 -1.36662764 -1.39622199 -1.45422728 -1.5273306  -1.54224384
 -1.54775846 -1.52260602 -1.53141459 -1.55280891 -1.5617851  -1.54678181
 -1.49108359 -1.46410223 -1.45293902 -1.43614316 -1.41493373 -1.41239824
 -1.39774978 -1.36957118 -1.34647995 -1.35358014 -1.38135443 -1.37748103
 -1.35575433 -1.33294531 -1.27866651 -1.21556553 -1.13849074 -1.10419658
 -1.09974318 -1.12598657 -1.14458349 -1.12739008 -1.16116249 -1.22784958
 -1.28652179 -1.3145107  -1.33054428 -1.33382414 -1.29216968 -1.28439016
 -1.32047785 -1.32369512 -1.3399849  -1.3910932  -1.39434712 -1.43724947
 -1.52553653 -1.58949704 -1.72217021 -1.78896592 -1.82422918 -1.8946135
 -1.92466097 -1.86072155 -1.75723058 -1.63819571 -1.50512063 -1.40554107
 -1.49162739 -1.41212887 -1.38509736 -1.44703103 -1.47714261 -1.46916555
 -1.5070474 ]"
BC.CPX..HHZ,"[ 1.40374427  1.40373412  1.34625117  1.29454804  1.21571268  1.19567502
  1.19363013  1.15349383  1.14023474  1.07893402  1.07715639  1.05511582
  1.03320861  1.04980796  1.06537726  1.10834255  1.10968164  1.14068307
  1.17450146  1.21672499  1.22663991  1.27326971  1.38486823  1.47431983
  1.53021994  1.57339973  1.65807063  1.69435463  1.70505877  1.67180383
  1.64204973  1.62145946  1.58507231  1.55550147  1.54958896  1.52364619
  1.45634578  1.20893052  1.07354979  1.01107127  1.01233237  0.9503378
  0.94935273  0.97707166  1.00896829  1.00406362  0.90189714  0.82277907
  0.80157798  0.7624639   0.731223    0.67900861  0.66085013  0.65933323
  0.61833408  0.58165782  0.60122442  0.61477479  0.64167489  0.66235941
  0.63247115  0.60586849  0.65565742  0.67702612  0.7106304   0.73660911
  0.74808426  0.77439119  0.83849932  0.89959041  0.93542096  0.92863349
  0.91800089  0.90416118  0.83317102  0.73980281  0.71812948  0.72610213
  0.71918143  0.74609326  0.78313865  0.79253944  0.77716711  0.75839795
  0.71260611  0.73695222  0.82336185  0.84648553  0.84449464  0.85143432
  0.9055726   0.91747246  0.98777348  1.00317488  1.06381919  1.19821572
  1.34539225  1.39007354  1.41202001  1.45430055  1.51606447  1.63428695
  1.71138178  1.76418387  1.80902399  1.82095137  1.83970422  1.75402908
  1.50589359  1.52588731  1.53745204  1.51345732  1.40720348  1.28218058
  1.14247413  1.06766787  1.02902572  0.97286187  0.94014328  0.97783892
  1.02228604  1.00258269  0.924537    0.95044898  0.94309942  0.98980855
  1.07003376  1.15432812  1.24479517  1.34894911  1.437519    1.46022536
  1.46985788  1.46704442  1.41301138  1.26026938  1.17678525  1.097686
  0.99562226  0.84129162  0.65088101  0.46973983  0.52067186  0.50895729
  0.40343153  0.29978659  0.22447117 -0.19206605 -0.64676852 -0.98871971
 -1.2399532 ]"
BC.GUVIX..HHZ,"[ 7.64169537e-02  7.63950672e-02  5.47166694e-02  3.70102916e-02
  8.00374537e-02  1.12640020e-01  1.32101288e-01  1.57742917e-01
  1.57795840e-01  1.93731681e-01  2.43095434e-01  2.58239494e-01
  2.51141861e-01  2.62028105e-01  2.31389277e-01  2.13950915e-01
  1.87196623e-01  1.62081914e-01  1.35401883e-01  1.21671438e-01
  6.53209226e-02  8.10136973e-02  1.00532608e-01  8.90811309e-02
  7.54427703e-02  8.02642091e-02  1.31650510e-01  1.93345850e-01
  2.88927435e-01  2.99161756e-01  3.67161139e-01  4.39622768e-01
  5.20533369e-01  5.85027085e-01  6.45771306e-01  6.99233559e-01
  7.86347779e-01  8.81501524e-01  9.44154197e-01  1.01951009e+00
  1.05681131e+00  1.08053363e+00  1.08891366e+00  1.08982298e+00
  1.10200762e+00  1.12306258e+00  1.15437225e+00  1.17807413e+00
  1.16103754e+00  1.14495243e+00  1.05688410e+00  9.47719652e-01
  8.57668016e-01  7.25952654e-01  6.07852823e-01  5.44307333e-01
  5.02019826e-01  4.87368934e-01  5.14890759e-01  4.76848789e-01
  4.56920578e-01  4.24487410e-01  3.54789171e-01  2.34402002e-01
  1.96474595e-01  1.63017844e-01  1.01101766e-01  6.69795513e-02
 -2.14706645e-02 -1.01586698e-01 -1.56157625e-01 -2.02460739e-01
 -2.28085834e-01 -2.51767301e-01 -2.94112492e-01 -2.96644939e-01
 -3.09267592e-01 -3.46638703e-01 -3.47611800e-01 -3.34597950e-01
 -3.34115468e-01 -3.47880472e-01 -3.35039954e-01 -3.02547487e-01
 -2.69861321e-01 -2.39817564e-01 -2.23989416e-01 -2.09097112e-01
 -1.98658626e-01 -2.11883102e-01 -2.19335513e-01 -2.52040027e-01
 -3.13401389e-01 -3.00423503e-01 -2.73035541e-01 -2.65696674e-01
 -2.67119657e-01 -2.56694910e-01 -2.71103059e-01 -2.94512226e-01
 -2.63164915e-01 -2.67869372e-01 -3.11526052e-01 -3.14591320e-01
 -2.66540512e-01 -1.69119962e-01 -1.17224277e-01 -1.08487707e-01
 -7.36982665e-02 -5.58960534e-02 -7.06542341e-02 -8.03145421e-02
 -5.40676708e-02 -4.15215036e-02 -4.82697011e-02 -6.10400168e-02
 -5.33816972e-02 -1.08716324e-02  6.06505219e-03 -4.62169212e-02
 -8.84954320e-02 -7.30312588e-02 -4.58771374e-02 -2.79263059e-02
 -3.30968218e-02 -4.90453943e-02 -3.77553241e-02  1.11909641e-03
  2.42255474e-02  4.98477313e-02  4.50087303e-02  1.57387362e-02
 -3.81367130e-02 -4.64558992e-02 -5.50900241e-02 -8.77544499e-02
 -9.23731667e-02 -1.13824239e-01 -1.15278087e-01 -1.81372685e-01
 -2.52634936e-01 -4.21739648e-01 -8.17789433e-01 -1.00693278e+00
 -1.04414993e+00 -1.05450268e+00 -1.11317621e+00 -1.24956749e+00
 -1.41034721e+00 -1.45410124e+00 -1.34914354e+00]"
BC.RMX..HHZ,"[ 0.10791599  0.10674513  0.03473854 -0.01896064 -0.07680583 -0.1155455
 -0.15815305 -0.20650644 -0.22929132 -0.25785342 -0.26596982 -0.26152651
 -0.25578483 -0.25689381 -0.25043878 -0.23218887 -0.2251505  -0.21908552
 -0.20675905 -0.20046235 -0.20706329 -0.21484024 -0.18664801 -0.14306657
 -0.08646019 -0.02438456  0.0088789   0.01552309  0.01029742 -0.00484412
 -0.02768487 -0.0430786  -0.05325852 -0.07670694 -0.09373329 -0.09813285
 -0.10262782 -0.11568828 -0.13372616 -0.16831432 -0.22497633 -0.27021663
 -0.27010984 -0.2398325  -0.2033797  -0.17283238 -0.14930543 -0.1315552
 -0.10963975 -0.0749941  -0.04426261 -0.0189706   0.00352876  0.02946585
  0.05181411  0.06972012  0.07865252  0.07615522  0.06525049  0.05539127
  0.05113672  0.04530624  0.0378617   0.03548011  0.02057344 -0.01458146
 -0.06073416 -0.12000906 -0.18707435 -0.25618647 -0.31290827 -0.34690613
 -0.37468436 -0.40369678 -0.42831001 -0.45608139 -0.49690759 -0.54978142
 -0.60300193 -0.6432259  -0.66200021 -0.65540777 -0.63912258 -0.61181116
 -0.57776019 -0.54425419 -0.50476622 -0.45113431 -0.39955662 -0.36236495
 -0.3390768  -0.30639322 -0.27437795 -0.2467917  -0.22038762 -0.18916152
 -0.15923265 -0.13416587 -0.11745476 -0.102401   -0.0939656  -0.08158804
 -0.06577692 -0.06250702 -0.07216316 -0.08689677 -0.08766967 -0.08089502
 -0.07310044 -0.06815632 -0.05563448 -0.04430503 -0.03125034 -0.0042563
  0.03440112  0.05682955  0.06671537  0.07310658  0.07826182  0.0802199
  0.07666847  0.06980807  0.05875564  0.0603877   0.0727353   0.08926583
  0.0939279   0.07417728  0.03670951  0.01080005  0.00451431  0.00572142
  0.01509801  0.02549049  0.04668362  0.07380812  0.07013084  0.06733401
  0.08304117  0.07362142  0.03975098 -0.05124943 -0.18496721 -0.31601157
 -0.45277738 -0.59556814 -0.74201649 -0.85333932 -0.96593091 -1.09449788
 -1.12383435]"
BC.SJX..HHZ,"[ 1.15389984  1.15564268  1.09380908  1.04729001  1.00220822  0.97226725
  0.91989121  0.8890034   0.88544349  0.79414807  0.69673065  0.67659947
  0.62543709  0.58533098  0.62011352  0.65132171  0.71864311  0.76819851
  0.78449266  0.80054517  0.84199831  0.88594974  0.90449683  0.90705263
  0.93187606  0.9542165   0.96873125  0.97970066  0.98619071  0.98003927
  0.96168805  0.94086725  0.93564272  0.93430947  0.93863877  0.9364385
  0.92706732  0.93167587  0.93856392  0.93855187  0.94470068  0.95756477
  0.9708208   1.006085    1.05464263  1.09780782  1.1403673   1.20213129
  1.27656904  1.3461439   1.41264743  1.48615906  1.5608321   1.62468868
  1.6809268   1.71930928  1.74480719  1.77800413  1.81243735  1.84979877
  1.88895032  1.92643317  1.95083089  1.97179688  1.98672988  1.9906124
  1.97742715  1.9459246   1.92245697  1.90141889  1.87828093  1.85607547
  1.82517759  1.79774062  1.77031431  1.74086159  1.71800997  1.70232739
  1.68334287  1.64467655  1.60292264  1.55854368  1.51038503  1.46475337
  1.42640844  1.38668221  1.34360614  1.30835342  1.27563387  1.243151
  1.19984402  1.1304684   1.04964354  0.98162581  0.91561186  0.85667078
  0.80190847  0.74492069  0.70279155  0.66796681  0.63148089  0.60154649
  0.57944813  0.56216891  0.54763844  0.53085061  0.50990095  0.49431886
  0.49490888  0.48331757  0.45573082  0.42826849  0.40186162  0.36999505
  0.33998985  0.29902698  0.27274807  0.2613557   0.26011216  0.26129804
  0.25306852  0.24497213  0.23586761  0.21752583  0.20859171  0.20349126
  0.1821334   0.15292686  0.10263036  0.03622063 -0.02458929 -0.07979283
 -0.15100645 -0.233723   -0.30323918 -0.37000315 -0.46211582 -0.54437898
 -0.61738009 -0.68590518 -0.77873755 -0.87081185 -0.94469676 -1.01042957
 -1.05432596 -1.09461786 -1.12613528 -1.14411018 -1.13496153 -1.15521551
 -1.20336067]"
BC.SLRCX..HHZ,"[ 0.74599673  0.74599636  0.60383067  0.67706884  0.88502225  1.03353604
  1.02609891  0.94485229  0.91612051  0.90139289  0.92306899  0.93629659
  0.96187536  0.98663694  1.01628788  1.00161189  0.94977222  0.91972513
  0.90892002  0.81688206  0.6585317   0.62187521  0.69547339  0.78056455
  0.78986881  0.64894455  0.45059374  0.35912766  0.45026185  0.51698237
  0.55460051  0.63581403  0.68135053  0.73264744  0.78515252  0.84264338
  0.89349478  0.96684427  1.02922231  1.01500019  0.94030687  0.84357442
  0.77002138  0.60203513  0.29957872  0.24385812  0.23436068  0.31551711
  0.36953758  0.38973774  0.4227704   0.45562285  0.51314718  0.56726923
  0.62510957  0.67401999  0.70717737  0.70346852  0.71146784  0.69025318
  0.63046273  0.58213903  0.54024326  0.51497605  0.52133463  0.50447672
  0.48978933  0.49836887  0.50483253  0.5183964   0.50633701  0.49809098
  0.56490513  0.61846849  0.65186531  0.7185105   0.74201768  0.75540718
  0.72052745  0.64003513  0.5744184   0.55252699  0.53948755  0.53456452
  0.50393208  0.47576338  0.48054635  0.35431569  0.15411006  0.16964296
  0.18821013  0.15820676  0.18334776  0.31011213  0.43398371  0.45887329
  0.42055974  0.41433866  0.42740149  0.42347596  0.37623034  0.27680142
  0.13549766  0.09376875  0.12375394  0.2084707   0.28170462  0.3245508
  0.41030258  0.46107925  0.43577774  0.412422    0.42908023  0.47645957
  0.66902298  0.94089639  1.065152    1.13479309  1.14227432  1.17814475
  1.31410547  1.28995319  1.25963958  1.20102926  1.03962974  0.76251898
  0.61572719  0.2386541   0.16441559  0.2338933   0.33076238  0.24778371
  0.26859321  0.25467583  0.2516621   0.32505395  0.42314829  0.44430786
  0.15163239 -0.33389183 -0.27570012 -0.06697396 -0.03659195  0.15846371
 -0.07362952 -0.83569057 -0.94721289 -0.93541145 -1.16056619 -1.52337019
 -1.74381347]"
BC.TKX..HHZ,"[-0.18994217 -0.18921281 -0.24134959 -0.27928135 -0.26290196 -0.24166853
 -0.13452657 -0.01854075  0.04638425  0.13459724  0.22194417  0.27859066
  0.36395662  0.47218637  0.60291278  0.7500925   0.89697017  0.97137144
  0.99926996  1.00372679  1.00893752  1.0204673   1.03367556  1.05978892
  1.09390631  1.11478541  1.12521764  1.1299194   1.11720529  1.09154381
  1.04273287  0.98654241  0.93561665  0.96250411  1.02838469  1.08057093
  1.13439028  1.18320715  1.20350549  1.21561504  1.21769645  1.23375156
  1.25927764  1.28908524  1.30172736  1.30088649  1.28744062  1.26379155
  1.22558201  1.18940745  1.1512419   1.10625093  1.06345382  1.03103049
  1.00159253  0.97100302  0.94985383  0.95312558  0.98522579  1.01562328
  1.05475792  1.08568618  1.10977106  1.12277363  1.12526887  1.14743199
  1.17629092  1.20687309  1.22779534  1.23165144  1.23321792  1.23197489
  1.23871899  1.23805506  1.26873648  1.3246318   1.36699807  1.38966932
  1.40784661  1.4168951   1.43135035  1.45630968  1.48941941  1.52851682
  1.57127642  1.61073167  1.64311227  1.67166929  1.67629299  1.65916255
  1.62078984  1.57699607  1.56048715  1.55775757  1.54832068  1.5419222
  1.55421205  1.53536164  1.55432366  1.54424843  1.50366595  1.48522637
  1.45210914  1.43269491  1.43717516  1.4609802   1.49557225  1.53330408
  1.57211792  1.61843062  1.67706302  1.72846763  1.78108715  1.83927363
  1.87957629  1.93694471  1.9842939   2.01584008  2.04721604  2.08901151
  2.12176254  2.14983487  2.17207673  2.17608493  2.18857619  2.21324544
  2.22926281  2.24805856  2.254685    2.25546544  2.25199518  2.24194631
  2.22199165  2.1991264   2.21158136  2.23555085  2.21409845  2.14950127
  2.11812902  2.00026493  1.93837745  1.8237116   1.76347939  1.67716562
  1.51228354  1.31944301  1.06920044  0.66255599  0.10105321 -0.35464805
 -0.79298237]"
BC.UABX..HHZ,"[ 0.56172127  0.56284183  0.47609391  0.43793716  0.50901697  0.47054682
  0.52707741  0.56027243  0.55058761  0.57469083  0.56632685  0.50527843
  0.49834777  0.53746151  0.50115902  0.50930821  0.57654087  0.62726367
  0.66637813  0.75312406  0.81165989  0.83476322  0.89223602  0.92586064
  0.92843822  0.93917793  0.94640325  0.93760414  0.93557215  0.96168661
  0.9741291   0.96516607  0.96565323  0.98296236  0.97831235  0.98722147
  0.98296918  0.89727335  0.8774961   0.91382445  0.92847814  0.97759373
  1.04850691  1.0819799   1.0960603   1.10551178  1.10934694  1.08562787
  1.03558442  0.97064177  0.89871258  0.81497366  0.76611805  0.74509618
  0.72727869  0.70686909  0.68031162  0.61152032  0.5739676   0.5324112
  0.41444622  0.3625473   0.38856602  0.26766267  0.17372793  0.24902932
  0.23981775  0.26605561  0.27404655  0.27810265  0.3010676   0.3428302
  0.36129937  0.40168706  0.42232438  0.38704788  0.36508707  0.3878822
  0.36874503  0.33952526  0.2834238   0.22098087  0.25614949  0.27181615
  0.20529318  0.13137552 -0.01927978 -0.17756897 -0.29398198 -0.40582026
 -0.387275   -0.35893616 -0.35755964 -0.39601752 -0.4517818  -0.4545717
 -0.5141806  -0.50269742 -0.40097514 -0.38789399 -0.38200097 -0.41543957
 -0.38356732 -0.32701646 -0.28711638 -0.2321838  -0.20485729 -0.1644581
 -0.09561315 -0.02476095  0.05845222  0.12428795  0.18357231  0.1937325
  0.18690902  0.22144447  0.23489292  0.28357516  0.43015622  0.53602206
  0.58420891  0.60862384  0.65782892  0.7204308   0.78070641  0.79635837
  0.66538696  0.56388186  0.49100568  0.5032571   0.49264106  0.40872909
  0.24753631  0.10537103  0.07603914 -0.1063687  -0.22365972 -0.48021025
 -0.57772329 -0.71253787 -0.59471101 -0.4610354  -0.35301555 -0.2645061
 -0.38618742 -0.81066209 -1.52472572 -1.76512126 -1.61917471 -1.81995697
 -2.04536253]"
CI.BAR..HHZ,"[ 0.64769295  0.64704384  0.59332039  0.58957735  0.57310392  0.57076457
  0.52418831  0.47177907  0.46832734  0.43258498  0.46869982  0.54072666
  0.5901423   0.62961066  0.67696966  0.71007905  0.70407091  0.69100946
  0.7129964   0.77701084  0.85094558  0.94427389  1.012328    1.05103539
  1.06326497  1.05852689  1.0419838   1.03784552  1.03924142  1.04548375
  1.05327736  1.07013567  1.08246676  1.07185509  1.0384474   0.99295307
  0.93059126  0.85739212  0.78102525  0.73330329  0.72354479  0.73303189
  0.72261995  0.68502771  0.63122959  0.5824458   0.55318827  0.5372219
  0.5304273   0.53143422  0.53357237  0.53042602  0.51540291  0.4911559
  0.45340949  0.40262763  0.34653273  0.29956663  0.28359836  0.28332705
  0.28832177  0.29704934  0.31233066  0.34263195  0.39052618  0.44012982
  0.48086457  0.5123459   0.53725491  0.56419799  0.59681849  0.63575367
  0.67340542  0.708853    0.74233108  0.76708676  0.78657339  0.79857603
  0.80795395  0.81635889  0.82634101  0.83967318  0.85401596  0.86931002
  0.8816961   0.88765372  0.88876129  0.88968413  0.886909    0.86835949
  0.83666085  0.79948653  0.75025362  0.69139397  0.6253381   0.55629488
  0.47823638  0.40524696  0.34672255  0.30432998  0.26998909  0.25023577
  0.24435106  0.24108114  0.23319554  0.21556222  0.18833916  0.15745235
  0.12517705  0.08460438  0.04474048  0.00738988 -0.02856237 -0.05990383
 -0.08587015 -0.11467137 -0.14013907 -0.15638999 -0.15813649 -0.15496016
 -0.15467148 -0.15000568 -0.14480594 -0.12589279 -0.09052464 -0.07013132
 -0.06917454 -0.07133447 -0.0821647  -0.09933083 -0.11571464 -0.12447351
 -0.13888767 -0.16484365 -0.19604287 -0.23465451 -0.30299853 -0.41151128
 -0.51052503 -0.58058206 -0.68064928 -0.7712041  -0.85073798 -0.93349202
 -0.99018815 -1.02740906 -1.06359325 -1.0981792  -1.11999493 -1.14009081
 -1.17263383]"
CI.BC3..HHZ,"[ 0.93290142  0.93109366  0.8488659   0.81622014  0.75687952  0.73931342
  0.74920978  0.73742988  0.75006474  0.71142453  0.64341213  0.62361371
  0.64372366  0.65439496  0.63372148  0.60166162  0.58677774  0.56425673
  0.55917359  0.55782625  0.52926019  0.47291748  0.42509422  0.35635882
  0.30365747  0.29043529  0.26945634  0.22807157  0.20166924  0.17957805
  0.14872756  0.10788767  0.0596285   0.00621082 -0.0390006  -0.07236501
 -0.07075616 -0.0558501  -0.03302945 -0.00502007  0.0210534   0.03200764
  0.01605871 -0.02540849 -0.08243567 -0.13188247 -0.16071934 -0.17662003
 -0.18848422 -0.20364519 -0.23385825 -0.27531377 -0.32337127 -0.3731238
 -0.41932236 -0.44513694 -0.45222227 -0.44324377 -0.44773097 -0.45485503
 -0.46457085 -0.49242325 -0.51207074 -0.50862181 -0.4967911  -0.49065705
 -0.49339649 -0.50455178 -0.5226911  -0.55278917 -0.59073438 -0.61783489
 -0.63562261 -0.64151346 -0.62442472 -0.58885634 -0.54348157 -0.51282607
 -0.48333438 -0.45644297 -0.45030029 -0.44915014 -0.42953178 -0.40305235
 -0.38401178 -0.37359338 -0.36702846 -0.35886557 -0.34420166 -0.34106173
 -0.35459327 -0.36475967 -0.37229275 -0.37076818 -0.38179688 -0.42931824
 -0.48913047 -0.51299281 -0.51998053 -0.52854382 -0.53560792 -0.52886462
 -0.50256208 -0.4759595  -0.4569621  -0.44603929 -0.41548392 -0.37508643
 -0.35011766 -0.32764823 -0.29562548 -0.27335734 -0.26275953 -0.26565596
 -0.28014571 -0.3047575  -0.33154554 -0.37263581 -0.410749   -0.45672387
 -0.5155025  -0.56175977 -0.58922401 -0.58623152 -0.58522093 -0.57880414
 -0.54316723 -0.49853343 -0.48124934 -0.49096356 -0.51121852 -0.50926324
 -0.49899466 -0.50526094 -0.50505362 -0.49834846 -0.51534345 -0.53415792
 -0.60325417 -0.68125403 -0.77507179 -0.88977991 -1.07073087 -1.3383504
 -1.49549747 -1.58432221 -1.56725077 -1.44188535 -1.39204448 -1.35179545
 -1.35613345]"
CI.BEL..HHZ,"[ 4.90621252e-01  4.92013639e-01  4.13736874e-01  3.56369283e-01
  2.77057129e-01  2.20428065e-01  1.68727110e-01  1.46368291e-01
  1.79854076e-01  1.53647699e-01  1.13584439e-01  9.27993132e-02
  8.91837622e-02  9.71831926e-02  9.38033899e-02  5.27177134e-02
 -2.03953529e-03 -5.44871116e-02 -9.26425085e-02 -1.04795243e-01
 -9.50578243e-02 -7.90624873e-02 -8.11038262e-02 -9.25087913e-02
 -8.59023162e-02 -6.46051394e-02 -4.91598084e-02 -6.69420872e-02
 -1.21078864e-01 -1.48480566e-01 -1.07459844e-01 -5.16401745e-02
 -8.44966459e-03  1.80909485e-02  3.30075475e-02  3.55032938e-02
  2.70545543e-02  1.80792399e-02 -9.65565665e-04 -3.68334596e-02
 -8.90245095e-02 -1.33335667e-01 -1.56437956e-01 -1.59570713e-01
 -1.64378635e-01 -2.01848119e-01 -2.51314878e-01 -3.00379072e-01
 -3.21322729e-01 -3.20459915e-01 -3.04214750e-01 -2.77619217e-01
 -2.41474493e-01 -2.09777927e-01 -1.91076407e-01 -1.88608571e-01
 -2.00560854e-01 -2.20460903e-01 -2.40031724e-01 -2.57365505e-01
 -2.72991469e-01 -3.00249159e-01 -3.29548083e-01 -3.60683310e-01
 -3.96387549e-01 -4.35930774e-01 -4.82161907e-01 -5.34515820e-01
 -5.84990126e-01 -6.32792382e-01 -6.68302758e-01 -6.85174563e-01
 -6.93742459e-01 -6.98075707e-01 -6.98280307e-01 -7.05105626e-01
 -7.08503225e-01 -7.02220262e-01 -7.00971993e-01 -7.10257598e-01
 -7.28927190e-01 -7.54963754e-01 -7.91678104e-01 -8.25594813e-01
 -8.47982395e-01 -8.68222621e-01 -8.83698844e-01 -8.88377493e-01
 -8.87282677e-01 -8.86098524e-01 -8.88981058e-01 -8.92205769e-01
 -8.83980762e-01 -8.74638038e-01 -8.64554536e-01 -8.51698494e-01
 -8.42546650e-01 -8.40058131e-01 -8.42689283e-01 -8.21202575e-01
 -7.61841247e-01 -7.28677648e-01 -7.21312968e-01 -7.25734038e-01
 -7.27711979e-01 -7.13174214e-01 -6.75787369e-01 -6.39767316e-01
 -6.36753578e-01 -6.44056130e-01 -6.44854687e-01 -6.48980199e-01
 -6.88630592e-01 -7.37998486e-01 -7.52649278e-01 -7.38484231e-01
 -7.20318774e-01 -7.12522379e-01 -7.09382115e-01 -6.98090006e-01
 -6.62718444e-01 -6.27942563e-01 -6.02718269e-01 -5.91742475e-01
 -5.76161371e-01 -5.53877038e-01 -5.33738384e-01 -5.17888483e-01
 -5.16836540e-01 -5.18511576e-01 -5.38198662e-01 -5.82637861e-01
 -6.40764240e-01 -6.82126773e-01 -7.11592439e-01 -7.40031038e-01
 -7.75173868e-01 -8.08692257e-01 -8.43126400e-01 -8.57746687e-01
 -9.14877503e-01 -9.59653385e-01 -9.84557908e-01 -1.01934423e+00
 -1.05122158e+00 -1.06754961e+00 -1.08777589e+00 -1.14105893e+00
 -1.16909391e+00 -1.17267549e+00 -1.16443117e+00]"
CI.DGR..HHZ,"[ 0.70419567  0.70660669  0.64303263  0.61009211  0.58096778  0.57052342
  0.52620205  0.46810883  0.45823859  0.39774147  0.36664352  0.38075189
  0.37469133  0.34358451  0.30846158  0.27182709  0.24289995  0.21700175
  0.17936266  0.13494818  0.12018141  0.11471904  0.09964783  0.07806188
  0.06541352  0.04637019  0.03288629  0.02519336  0.02134256  0.03203618
  0.05760484  0.06625276  0.07306572  0.08343172  0.09823465  0.10339097
  0.11248953  0.1396079   0.16589872  0.18759289  0.21552716  0.24461352
  0.26277703  0.28436282  0.30957635  0.33167935  0.36111163  0.38989619
  0.41480658  0.43377851  0.46038901  0.50935338  0.55539575  0.58629292
  0.61627479  0.63328014  0.63923827  0.64966858  0.67044241  0.69839541
  0.73158566  0.75969096  0.77896117  0.80262068  0.82003766  0.82091581
  0.80207535  0.7660232   0.72873283  0.69224954  0.64955694  0.60180481
  0.55306675  0.50549869  0.45586351  0.3991718   0.35773782  0.32659339
  0.29675388  0.27820874  0.27652861  0.28329285  0.29256372  0.3145352
  0.35163622  0.3902791   0.42049767  0.44322417  0.46942798  0.48720888
  0.49679731  0.50064593  0.48629843  0.47071376  0.45778358  0.44123702
  0.42053597  0.39458905  0.35133227  0.30377939  0.26002474  0.20648635
  0.1458044   0.08509884  0.02149705 -0.03465033 -0.08173947 -0.11332913
 -0.13015395 -0.14394972 -0.15550013 -0.16203512 -0.16730789 -0.17721914
 -0.19514107 -0.2193245  -0.24515469 -0.25828091 -0.26489524 -0.26353693
 -0.26316856 -0.26126704 -0.25745927 -0.25281641 -0.24785181 -0.24193059
 -0.24573218 -0.2538413  -0.27388336 -0.29322009 -0.30733963 -0.31491433
 -0.34504871 -0.38724964 -0.42949324 -0.47358727 -0.51879764 -0.56387377
 -0.6179924  -0.67512099 -0.75678777 -0.85419711 -0.96079058 -1.0055824
 -1.05221701 -1.09132612 -1.11862655 -1.13668736 -1.13491048 -1.14461727
 -1.14223189]"
CI.GLA..HHZ,"[ 1.89002714e+00  1.90079550e+00  1.87539466e+00  1.86778781e+00
  1.85867601e+00  1.84597530e+00  1.83225341e+00  1.83769661e+00
  1.83360493e+00  1.82331321e+00  1.78877510e+00  1.76058621e+00
  1.74101278e+00  1.74661573e+00  1.76448098e+00  1.77179809e+00
  1.75895733e+00  1.72303947e+00  1.69406946e+00  1.66389443e+00
  1.63335281e+00  1.60482960e+00  1.58376092e+00  1.55866397e+00
  1.54860771e+00  1.55464727e+00  1.56807319e+00  1.57543080e+00
  1.56186208e+00  1.52011437e+00  1.45243826e+00  1.37939111e+00
  1.32726583e+00  1.30310308e+00  1.28219068e+00  1.24230229e+00
  1.19247640e+00  1.17816634e+00  1.19324981e+00  1.17757223e+00
  1.13637577e+00  1.10958405e+00  1.10027278e+00  1.10695732e+00
  1.12438535e+00  1.14049695e+00  1.14737403e+00  1.13377442e+00
  1.09789803e+00  1.05308030e+00  1.00183425e+00  9.47626441e-01
  8.71167650e-01  7.76262662e-01  6.86903562e-01  6.13481770e-01
  5.51075093e-01  5.04947231e-01  4.64198201e-01  4.28626019e-01
  4.05075768e-01  3.90844288e-01  3.68647900e-01  3.38361078e-01
  2.97416596e-01  2.58986185e-01  2.30989708e-01  2.03708355e-01
  1.67689600e-01  1.23508096e-01  8.30114708e-02  5.26050191e-02
  3.34887139e-02  4.01437466e-02  7.41217414e-02  9.47675308e-02
  1.05718325e-01  1.20538933e-01  1.43269972e-01  1.60634843e-01
  1.70857529e-01  2.06419071e-01  2.63078721e-01  2.87195411e-01
  2.85093108e-01  2.82411220e-01  2.56369544e-01  2.03808352e-01
  1.85535241e-01  1.82923876e-01  1.77084682e-01  1.68450948e-01
  1.58720507e-01  1.37337823e-01  7.12724367e-02 -8.00551565e-04
 -2.66578830e-02 -2.15443433e-02 -1.87957354e-02 -1.72935549e-02
 -2.48676922e-02 -3.00078953e-02 -3.32959451e-02 -4.64490420e-02
 -3.70996496e-02 -3.52836243e-02 -4.38236547e-02 -5.17777117e-02
 -6.21205101e-02 -8.04901717e-02 -9.07307848e-02 -9.95202658e-02
 -1.13891463e-01 -1.41088599e-01 -1.70922059e-01 -1.89499130e-01
 -1.92481289e-01 -1.95362718e-01 -1.95549539e-01 -2.07366981e-01
 -2.32919090e-01 -2.54145754e-01 -2.86737911e-01 -3.34907468e-01
 -3.84377359e-01 -4.20463069e-01 -4.55535835e-01 -4.88116783e-01
 -5.32681184e-01 -5.74887185e-01 -6.17110071e-01 -6.48031721e-01
 -6.78984452e-01 -7.20802464e-01 -7.61828510e-01 -7.99592145e-01
 -8.51355794e-01 -9.21020523e-01 -9.70863707e-01 -1.01406856e+00
 -1.06115892e+00 -1.11277451e+00 -1.17707027e+00 -1.23515307e+00
 -1.26183356e+00 -1.27211735e+00 -1.29419706e+00 -1.26493960e+00
 -1.25399311e+00 -1.27749910e+00 -1.33932642e+00]"
CI.IKP..HHZ,"[ 0.65842571  0.65657031  0.5657499   0.49946321  0.41643533  0.36498982
  0.28941879  0.21754397  0.24131569  0.13192862  0.01558066  0.00789069
  0.02291327  0.01020667 -0.01169222 -0.05267692 -0.08766101 -0.12796676
 -0.1502879  -0.16655025 -0.16489635 -0.16838801 -0.16677175 -0.17528304
 -0.17994944 -0.19022454 -0.21671532 -0.25829728 -0.29368239 -0.313422
 -0.31162551 -0.28535343 -0.23897218 -0.19804107 -0.16250248 -0.14142227
 -0.12129628 -0.11053399 -0.11194928 -0.11916142 -0.12204002 -0.11261124
 -0.0986486  -0.0786808  -0.05492691 -0.04006757 -0.03091563 -0.02621393
 -0.02524742 -0.02796079 -0.03422083 -0.04338847 -0.04634687 -0.04409318
 -0.03772144 -0.02371903 -0.00448363  0.01046353  0.01849976  0.02294484
  0.02167633  0.01031844 -0.00359982 -0.00534433  0.00634215  0.02206859
  0.05077077  0.08979977  0.13303519  0.1788167   0.22444814  0.26792533
  0.30538162  0.33635033  0.36736799  0.40222114  0.43544326  0.46157321
  0.48914128  0.51079535  0.52260983  0.53041419  0.53135249  0.51988442
  0.50363285  0.48129817  0.46511259  0.46351863  0.45908988  0.43866171
  0.4095355   0.37732009  0.34032887  0.30336882  0.26478807  0.22332311
  0.1828892   0.14627911  0.10635912  0.06446249  0.01438576 -0.03649604
 -0.08792853 -0.14522644 -0.1997605  -0.25488196 -0.3008942  -0.33497629
 -0.36329198 -0.39098059 -0.41105515 -0.42908575 -0.44345095 -0.45064224
 -0.4588299  -0.47552847 -0.48519504 -0.49451143 -0.5084243  -0.52044398
 -0.53141757 -0.5385274  -0.54723929 -0.56033992 -0.57371877 -0.58364091
 -0.59121264 -0.59867878 -0.6195497  -0.64939936 -0.68274584 -0.70745745
 -0.72777835 -0.75320433 -0.78430636 -0.81799835 -0.86305795 -0.89955852
 -0.9315704  -0.96493691 -1.0345292  -1.09492924 -1.15217354 -1.22415288
 -1.24205117 -1.22599929 -1.19286258 -1.16081957 -1.14241433 -1.13650261
 -1.14510753]"
CI.IRM..HHZ,"[-0.00303152 -0.00150861 -0.09706179 -0.11868464 -0.17787925 -0.17792481
 -0.23122878 -0.31399069 -0.28281843 -0.42731493 -0.46984617 -0.51470368
 -0.57819214 -0.57499902 -0.52608723 -0.57710085 -0.62613703 -0.59794772
 -0.53338256 -0.49052085 -0.46366825 -0.36356895 -0.29175462 -0.25514609
 -0.22769704 -0.16094569 -0.13784683 -0.11982659 -0.11105402 -0.07007789
 -0.03023769  0.01870389  0.05249555  0.05008053  0.01831941 -0.02600133
 -0.0617851  -0.10414826 -0.16074711 -0.22897659 -0.29229823 -0.33298979
 -0.34732017 -0.37319486 -0.38820796 -0.40039401 -0.43137992 -0.48225519
 -0.53332191 -0.57417096 -0.61105531 -0.62691404 -0.601389   -0.54627955
 -0.4835506  -0.42609521 -0.38786277 -0.37071983 -0.37213024 -0.38657897
 -0.35571089 -0.305221   -0.26792164 -0.2390547  -0.19988134 -0.17648378
 -0.15404193 -0.1653746  -0.17990513 -0.17788123 -0.14641748 -0.12959818
 -0.10576314 -0.08942102 -0.0853186  -0.09748813 -0.10818847 -0.11817315
 -0.13839994 -0.16163127 -0.14443046 -0.15856692 -0.20635223 -0.25157401
 -0.28868096 -0.32249015 -0.35847039 -0.39536417 -0.46273103 -0.53581262
 -0.59229489 -0.63446025 -0.67600449 -0.74669729 -0.8027663  -0.87095468
 -0.91953319 -0.95577161 -0.9777872  -1.02268783 -1.0315726  -1.01605429
 -0.97904806 -0.94937653 -0.93892384 -0.90207378 -0.86663622 -0.81181205
 -0.75387058 -0.74490026 -0.75669244 -0.74411293 -0.73916511 -0.74425101
 -0.74185489 -0.74025695 -0.74100611 -0.74771833 -0.70947285 -0.66977035
 -0.66046281 -0.63766386 -0.61488893 -0.61245771 -0.58825018 -0.55828489
 -0.56028633 -0.54730818 -0.5259402  -0.55727152 -0.59980768 -0.63671504
 -0.66592041 -0.70275113 -0.76627703 -0.81224707 -0.85354598 -0.89988798
 -0.99857379 -1.04603971 -1.05077781 -1.06837643 -1.01529099 -0.99160986
 -1.07650504 -1.1391938  -1.21746918 -1.1653765  -1.21321067 -1.24525101
 -1.25097704]"
CI.PLM..HHZ,"[ 7.94785693e-01  7.95709028e-01  7.08051395e-01  6.41278383e-01
  5.92516998e-01  5.56160453e-01  4.98192184e-01  4.51386144e-01
  4.41213282e-01  3.81930473e-01  3.22645530e-01  2.97260369e-01
  2.55777569e-01  1.90025695e-01  1.38953727e-01  1.02296673e-01
  7.42095851e-02  6.03990259e-02  6.63981476e-02  8.74232956e-02
  1.27406386e-01  1.54502897e-01  1.45571526e-01  1.31159042e-01
  1.29579302e-01  1.31142973e-01  1.34522805e-01  1.49378878e-01
  1.65851731e-01  1.90510388e-01  2.20107672e-01  2.44640197e-01
  2.63095010e-01  2.72922343e-01  2.74231447e-01  2.70785713e-01
  2.77660950e-01  3.02651943e-01  3.31253969e-01  3.60977696e-01
  3.87694140e-01  4.13826349e-01  4.30687263e-01  4.51256161e-01
  4.73785360e-01  4.91796229e-01  5.17514687e-01  5.47777474e-01
  5.76547325e-01  6.07805442e-01  6.33415622e-01  6.55726891e-01
  6.69229307e-01  6.73320198e-01  6.71755427e-01  6.65905320e-01
  6.60055121e-01  6.59424643e-01  6.62303057e-01  6.69204898e-01
  6.78226466e-01  6.78273401e-01  6.60337785e-01  6.38615753e-01
  6.04259306e-01  5.61385374e-01  5.16595614e-01  4.74546501e-01
  4.40625306e-01  4.14791445e-01  3.92236884e-01  3.62929860e-01
  3.32480487e-01  3.00449937e-01  2.69932823e-01  2.34290566e-01
  1.94214692e-01  1.55945779e-01  1.24132522e-01  1.05252651e-01
  9.01366615e-02  7.31267346e-02  4.96502735e-02  2.70446046e-02
  1.26980818e-02 -6.67738842e-03 -2.47977155e-02 -3.49360809e-02
 -4.33028691e-02 -5.68223077e-02 -7.82209386e-02 -9.82578043e-02
 -1.18899622e-01 -1.44609699e-01 -1.62613298e-01 -1.65000466e-01
 -1.60648463e-01 -1.48873964e-01 -1.32393761e-01 -1.03117903e-01
 -7.40767844e-02 -4.50650898e-02 -1.78669694e-02 -4.93419737e-04
  7.30469370e-03 -6.05106901e-03 -2.25345179e-02 -3.44721636e-02
 -5.04003568e-02 -8.06228055e-02 -1.17042414e-01 -1.57652189e-01
 -2.04061305e-01 -2.48140794e-01 -2.89471147e-01 -3.27010078e-01
 -3.62742413e-01 -4.08034997e-01 -4.44937744e-01 -4.70919768e-01
 -4.91944717e-01 -5.08100421e-01 -5.29759180e-01 -5.55550450e-01
 -5.79407343e-01 -5.91333837e-01 -6.03461028e-01 -6.21393236e-01
 -6.55834152e-01 -6.86198678e-01 -7.19415254e-01 -7.47883183e-01
 -7.88226174e-01 -8.26754649e-01 -8.71726697e-01 -9.17816508e-01
 -9.74495856e-01 -1.02568886e+00 -1.06167145e+00 -1.08784719e+00
 -1.12295902e+00 -1.16387940e+00 -1.22763689e+00 -1.30604982e+00
 -1.33450957e+00 -1.28113415e+00 -1.22108493e+00 -1.18237691e+00
 -1.13708377e+00 -1.09915916e+00 -1.10975278e+00]"
CI.SWS..HHZ,"[ 1.03228521  1.03028919  0.98710231  0.9715604   0.95531469  0.94358914
  0.92490513  0.93323454  0.98382562  1.04646165  1.05772877  1.02029827
  0.98775407  0.97501746  0.96034191  0.93658932  0.93019557  0.92330911
  0.93111119  0.93126912  0.93502872  0.91375069  0.88660032  0.859819
  0.82122992  0.80166086  0.80856274  0.7946405   0.75673075  0.72496052
  0.68961723  0.63450413  0.5990123   0.57194121  0.5501515   0.53408665
  0.52321732  0.51442721  0.50585911  0.49268913  0.46952264  0.43688324
  0.43014305  0.44981666  0.47497259  0.48666259  0.49116459  0.48433807
  0.47407289  0.44802203  0.41545711  0.38535283  0.34932487  0.30988638
  0.2742625   0.25275885  0.24386912  0.22816079  0.19245998  0.15625785
  0.13254199  0.1358985   0.15875147  0.18689805  0.20768303  0.23415486
  0.25378149  0.26371788  0.2745456   0.27827496  0.27416934  0.2681741
  0.26189666  0.25131824  0.23571189  0.22860021  0.2254784   0.20769828
  0.18763574  0.16655695  0.14362236  0.12506578  0.11118469  0.08780964
  0.06442204  0.0388312   0.01803046  0.01099458  0.00175764 -0.02582608
 -0.06880841 -0.1077151  -0.13465176 -0.16054815 -0.18822219 -0.21357046
 -0.24424876 -0.28311353 -0.33197135 -0.37241948 -0.40751363 -0.44167066
 -0.47541064 -0.51445568 -0.54806589 -0.58422953 -0.61349411 -0.63297677
 -0.63805271 -0.64098058 -0.63443248 -0.62568353 -0.6154616  -0.59568779
 -0.57039266 -0.54469401 -0.52399758 -0.5109959  -0.49888933 -0.49105927
 -0.49551975 -0.50565984 -0.50597123 -0.50942849 -0.51581409 -0.50955931
 -0.49751588 -0.48177219 -0.47861555 -0.49009187 -0.51013379 -0.51869966
 -0.52090083 -0.5243253  -0.5118558  -0.49169246 -0.46885921 -0.42969788
 -0.42159673 -0.40146962 -0.40487471 -0.41769271 -0.44609648 -0.49490148
 -0.52396462 -0.58832077 -0.73809    -0.92730102 -1.06394784 -1.12675267
 -1.18224566]"
PY.TPFO..HHZ,"[ 0.6472326   0.64711932  0.5764614   0.54432704  0.48950107  0.47753799
  0.43803836  0.40834999  0.40274163  0.31512768  0.26852905  0.27717639
  0.26387627  0.24136342  0.22059624  0.18149601  0.21004676  0.20712624
  0.19621628  0.20048619  0.18744757  0.16194976  0.1405227   0.13749729
  0.16074911  0.15567726  0.12259305  0.1035594   0.10325134  0.11747954
  0.13477132  0.15321614  0.1801168   0.19883989  0.21993831  0.24964247
  0.2777842   0.3089229   0.34921056  0.3866278   0.43386083  0.48955815
  0.52454157  0.5431481   0.55881552  0.56825218  0.58451132  0.61291275
  0.64146634  0.67374427  0.70415358  0.73448075  0.76685737  0.79591368
  0.82146088  0.85208887  0.89029119  0.9340949   0.98254932  1.0302719
  1.07380401  1.09630721  1.09850895  1.09850837  1.09559111  1.09426772
  1.09467641  1.089127    1.0777037   1.06050838  1.03462099  0.99398494
  0.9352764   0.87678102  0.83955561  0.8127713   0.79251906  0.77576726
  0.77288068  0.76604904  0.74384504  0.71171939  0.67752506  0.64030414
  0.60697362  0.57445192  0.55314714  0.54445772  0.5374297   0.51952049
  0.49366468  0.47029702  0.44034351  0.40608857  0.36934573  0.33218741
  0.29864007  0.27133865  0.24110983  0.21957602  0.20520147  0.20458094
  0.21071195  0.21238051  0.21345004  0.21311289  0.20855754  0.19821802
  0.18467853  0.16206702  0.14257165  0.11810761  0.08534157  0.05416822
  0.02049018 -0.01700631 -0.05204036 -0.08926619 -0.128908   -0.17285814
 -0.21916282 -0.25848547 -0.29650143 -0.33347699 -0.36404253 -0.38760544
 -0.41042336 -0.42800163 -0.45577371 -0.49336464 -0.53294571 -0.55515594
 -0.5727176  -0.58724283 -0.60521725 -0.6304087  -0.66748656 -0.68711396
 -0.71125863 -0.7480833  -0.80875786 -0.86560342 -0.92496268 -0.97143822
 -1.00201144 -1.01079759 -1.01428364 -1.03830765 -1.05560719 -1.08778593
 -1.14037421]"
TA.109C..HHZ,"[ 1.25815078  1.26070005  1.25444657  1.25087017  1.29036114  1.30149426
  1.2978885   1.33990366  1.3338091   1.41254424  1.47631677  1.48044392
  1.47621658  1.50848338  1.51383721  1.52895208  1.5247483   1.54779128
  1.55398017  1.53083721  1.52225623  1.51389888  1.46445008  1.41087258
  1.35937997  1.31866787  1.30558998  1.29239681  1.24897928  1.20442308
  1.15097679  1.09471795  1.02249879  0.94304455  0.88189247  0.84226101
  0.81340166  0.81867112  0.83120355  0.84433311  0.85740011  0.85325161
  0.82846037  0.8011127   0.78060708  0.74377673  0.71107584  0.68884493
  0.67013733  0.64299138  0.62963337  0.64421164  0.66334242  0.66410026
  0.64883682  0.61952716  0.58764589  0.56477289  0.54835343  0.54154131
  0.54780476  0.55441465  0.55076036  0.55916648  0.57293639  0.57905727
  0.57100284  0.55726903  0.55758955  0.55784134  0.55261074  0.54764351
  0.54595479  0.53678279  0.52344785  0.49333915  0.45590001  0.42287563
  0.39558184  0.38895602  0.39060368  0.38553885  0.34972317  0.3128699
  0.30248431  0.2964266   0.29329379  0.2854031   0.2912533   0.29821899
  0.30929027  0.32029351  0.32947306  0.34461445  0.3509438   0.34574943
  0.33545154  0.32043985  0.29844008  0.27647115  0.24761974  0.22709306
  0.21808566  0.19567184  0.15566348  0.11550763  0.07695221  0.04952912
  0.02493089 -0.01264196 -0.04399191 -0.0689179  -0.08503536 -0.09487554
 -0.11705535 -0.15341895 -0.18429568 -0.2154551  -0.23345588 -0.24059372
 -0.26146348 -0.26759368 -0.26379623 -0.27303186 -0.28821318 -0.31179379
 -0.34249147 -0.36001617 -0.39295383 -0.42505882 -0.44748981 -0.46354491
 -0.48596823 -0.5194706  -0.56672399 -0.6189053  -0.68104542 -0.75077706
 -0.85068082 -0.90894707 -0.98612716 -1.0686275  -1.16707515 -1.18288819
 -1.19944852 -1.2277188  -1.23474337 -1.23398794 -1.2034712  -1.1951337
 -1.19264616]"
TA.TPFO..HHZ,"[ 0.56630477  0.56583355  0.49471202  0.45725176  0.40836293  0.38343193
  0.33752449  0.29967373  0.29020641  0.18893658  0.13540045  0.12919871
  0.11711766  0.10193558  0.09021355  0.07586843  0.08860614  0.08828785
  0.08106156  0.07243077  0.07051457  0.05343779  0.04191013  0.05024017
  0.07303813  0.07253776  0.05850844  0.0511514   0.05451105  0.05977198
  0.06445668  0.07397194  0.09335161  0.11617797  0.14233274  0.1691639
  0.20046281  0.2265033   0.25014013  0.27825626  0.32148235  0.37794094
  0.41320753  0.43193534  0.44609004  0.46194634  0.49151131  0.52853829
  0.56544263  0.61355675  0.64756193  0.68297533  0.72498235  0.76045947
  0.79964348  0.8447017   0.89107018  0.93690084  0.98144357  1.02844911
  1.06714957  1.08737295  1.09624808  1.10378874  1.10544513  1.10902575
  1.11332969  1.11580812  1.11261141  1.09812675  1.06756295  1.02990808
  0.98045372  0.93321607  0.89592657  0.86626876  0.83848726  0.81562377
  0.80213029  0.79047695  0.77855005  0.76265522  0.73981063  0.71610287
  0.69904794  0.67936573  0.66331909  0.65798016  0.65506592  0.64174147
  0.62064758  0.60006218  0.57340854  0.54659361  0.52199421  0.49596266
  0.46635704  0.43960007  0.4156813   0.40475675  0.39611078  0.39642739
  0.40511124  0.41351392  0.41988849  0.41977111  0.41919111  0.41690994
  0.41371949  0.3991951   0.38074021  0.36047254  0.33632997  0.3128891
  0.28447527  0.24741628  0.20966392  0.16904542  0.13089304  0.09062282
  0.04567874 -0.00636316 -0.06038469 -0.11099866 -0.15894983 -0.20142292
 -0.23382624 -0.25215672 -0.27996845 -0.30139623 -0.31473589 -0.3173631
 -0.31341113 -0.31596217 -0.32600532 -0.34192924 -0.37018354 -0.39316335
 -0.42986632 -0.47283396 -0.5402349  -0.59776935 -0.65899289 -0.75121826
 -0.80917779 -0.84406145 -0.90160607 -0.98673963 -1.04893798 -1.0960862
 -1.1440173 ]"
YN.JORD..HHZ,"[ 0.65279684  0.65306755  0.57119313  0.517907    0.47462891  0.46805392
  0.45489195  0.45208275  0.46518824  0.45872565  0.47551999  0.48794238
  0.50221765  0.50780306  0.52041438  0.54560145  0.57462669  0.62742649
  0.68069047  0.74116813  0.80391669  0.85285577  0.88160714  0.90194655
  0.91987296  0.94064227  0.95137888  0.95691576  0.95249602  0.94894829
  0.94081249  0.93097489  0.90823532  0.87065852  0.81641104  0.74047785
  0.66265423  0.59279113  0.52104124  0.43795501  0.34447451  0.26760735
  0.2122765   0.1765096   0.13683072  0.08644153  0.03180187 -0.02723118
 -0.08534688 -0.1225117  -0.15909616 -0.21238705 -0.26222615 -0.29300149
 -0.31381408 -0.33799492 -0.3685542  -0.3981123  -0.42413108 -0.44902129
 -0.46469434 -0.48080442 -0.49365609 -0.49229235 -0.49436966 -0.50306757
 -0.50860992 -0.51536516 -0.52551304 -0.53544138 -0.54243297 -0.54039424
 -0.53799793 -0.5310106  -0.51827483 -0.50769777 -0.50036585 -0.49534565
 -0.49328767 -0.50088678 -0.52086741 -0.54450413 -0.56563355 -0.58086638
 -0.59427357 -0.61458943 -0.63663042 -0.65050516 -0.66388984 -0.67732495
 -0.6858875  -0.68872174 -0.69393468 -0.70174019 -0.71311647 -0.74252956
 -0.7890105  -0.82650682 -0.85929571 -0.8893455  -0.92266989 -0.95641016
 -0.9917367  -1.02898085 -1.06943244 -1.11598082 -1.15869935 -1.19571535
 -1.22776693 -1.26908986 -1.30793639 -1.33863252 -1.3615752  -1.37593875
 -1.39381691 -1.41079095 -1.42497787 -1.44287272 -1.45497658 -1.46406646
 -1.47422482 -1.47626352 -1.47670417 -1.47589914 -1.46625912 -1.44853791
 -1.42513659 -1.40007282 -1.37794346 -1.35611103 -1.32397722 -1.27291307
 -1.21272857 -1.14978427 -1.08158868 -1.00138279 -0.91603288 -0.81930153
 -0.70694904 -0.57925684 -0.46952446 -0.34721221 -0.22121949 -0.09636654
  0.04837964  0.25536605  0.45660175  0.57410912  0.64024422  0.6709281
  0.69222244]"
